3.14	1.886	2
0.48	0.85	1
0.95	2.72	2
1.084	2.397	1
0.91	2.437	1
1.416	2.0937	1
3.83	2.452	2
0.75	1.714	1
3.7	3.21	1
1.518	1.515	1
3.79	1.541	2
1.878	1.192	2
2.0809	3.93	1
1.459	1.668	1
0.98	2.619	2
1.232	0.96	2
0.31	1.9539	1
3.26	3.21	1
2.724	2.989	2
2.444	3.99	2
0.99	0.64	2
1.137	2.496	1
3.16	1.542	1
1.405	1.349	1
1.23	2.364	1
1.129	1.175	1
2.996	0.3	1
3.28	2.691	2
2.925	2.895	2
1.313	0.71	2
3.74	2.964	1
3.18	1.665	1
4.52	3.43	1
3.71	1.956	2
2.271	1.409	1
3.12	2.626	2
3.3	2.196	2
0.41	1.32	1
2.408	2.0673	1
3.13	3.48	2
2.763	2.921	2
0.59	3.11	2
1.25	1.119	2
3.16	2.978	2
3.13	2.405	2
1.478	0.66	2
0.59	2.894	2
2.00902	1.566	1
-0.14	0.57	1
0.69	3.25	2
2.041	0.87	2
2.0483	2.866	2
-0.11	2.193	2
2.522	3.46	2
2.0284	3.62	2
2.396	1.394	1
2.536	2.921	2
2.315	1.818	1
1.877	0.93	2
2.526	3.48	2
2.00665	2.0118	1
1.648	1.51	1
1.9299	0.77	2
1.851	0.8	2
2.785	2.0481	1
0.38	2.593	2
1.9686	0.99	2
1.715	0.9	2
3.33	3.51	1
3.09	0.63	1
1.777	0.72	2
1.9659	0.93	2
3.22	3.13	2
0.33	0.74	1
3.97	1.228	2
1.492	1.285	1
2.603	1.892	1
1.677	1.787	1
1.876	0.88	2
1.561	1.039	2
2.201	2.0024	1
2.812	2.708	2
2.888	2.817	2
2.0238	2.0836	1
2.415	1	2
1.692	4.19	1
2.767	1.752	1
3.23	0.8	1
3.33	3.63	1
2.27	2.0491	1
0.31	0.13	1
2.495	1.719	1
1.481	1.201	2
0.01	2.549	2
3.36	1.268	1
0.97	2.654	2
2.431	0.67	2
1.9417	0.85	2
1.791	2.345	1
3.26	0.63	1
0.22	1.622	1
2.98	1.9561	1
1.9464	3.6	2
0.61	1.549	1
3.22	1.639	1
3.22	2.561	2
1.162	2.356	1
1.554	1.139	2
3.17	0.61	1
1.9132	0.67	2
0.88	2.576	2
1.72	0.7	2
1.9731	2.958	1
1.303	3.35	2
3.38	0.26	1
2.408	3.16	2
3.2	3.54	1
4.07	3.02	1
1.538	1.813	1
3.27	2.589	2
1.899	1.235	2
1.181	3.26	2
2.615	1.9772	1
0.21	1.02	1
0.21	1.046	1
2.826	3.5	1
2.845	2.766	2
1.524	0.51	2
3.01	2.48	2
3.39	1.624	2
2.357	0.93	2
2.77	3.4	2
0.92	2.114	1
1.205	0.57	2
2.706	3.38	1
0.74	2.23	1
1.167	1.431	2
1.9697	4.11	2
1.777	1.581	1
1.438	1.127	2
2.926	2.972	2
0.14	0.43	1
1.194	2.941	2
1.786	2.38	1
2.744	3.42	1
3.94	1.35	2
3.77	3.35	1
1.097	2.101	1
1.9582	0.98	2
2.309	1.825	1
1.366	1.031	2
0.38	2.102	2
0.79	3.27	2
2.529	2.133	2
2.386	3.55	2
1.9038	2.19	1
1.464	3.13	2
3.02	1.739	1
1.124	1	2
4.35	3.21	1
1.018	0.92	2
0.84	2.469	1
0.26	2.693	2
0.9	3.16	2
2.0179	1.3	1
1.38	1.016	2
0.48	2.66	2
3.07	1.015	1
2.917	2.525	2
1.9518	3.52	2
3.49	3.55	1
1.416	3.01	2
1.9375	1.88	1
0.32	3.08	2
0.23	1.077	1
1.798	2.712	1
3.06	1.573	1
3.71	3.1	1
0.3	2.872	2
3.86	3.14	1
1.471	1.643	1
1.589	0.7	2
2.666	3.36	1
2.162	1.209	2
1.704	2.255	1
1.9653	3.3	2
2.294	0.5	2
1.48	0.83	2
2.741	0.8	1
0.67	3.08	2
1.9013	2.966	1
2.0131	1.031	2
2.896	3.58	1
1.588	2.492	1
2.683	3.07	2
1.247	1.9385	1
1.9326	3.85	2
3.08	2.683	2
3.15	2.243	2
2.497	1.329	1
2.174	3.92	2
3.64	2.0477	2
1.522	1.204	2
1.553	1	2
0.96	1.8	1
4.06	1.518	2
1.11	0.83	2
2.312	0.77	2
2.976	0.61	1
2.291	1.205	2
2.303	1.857	1
3.1	1.305	1
2.579	0.98	1
0.46	2.685	2
2.916	2.144	1
3.18	2.614	2
2.254	1.138	2
1.123	1.599	1
3.97	2.99	1
2.471	3.39	2
3.63	2.475	2
2.945	2.309	2
2.121	0.7	2
3.06	1.31	1
3.42	1.68	1
2.535	2.504	1
2.912	1.886	2
1.25	3.14	2
3.14	1.791	1
0.97	0.91	2
2.268	0.92	1
0.23	1.172	1
2.378	1.9391	1
3.19	2.113	1
1.832	3.32	2
4.07	3.21	1
0.93	2.707	2
0.81	2.309	2
3.19	2.697	2
2.121	3.72	2
3.23	1.9418	1
2.44	2.399	1
1.277	2.633	2
1.37	2.949	2
2.143	2.263	1
3.23	1.385	1
3.9	1.9435	2
3.22	1.9828	2
2.0107	2.0258	1
2.36	1.285	1
2.139	0.99	2
2.308	0.94	2
1.355	1.762	1
3.15	2.715	2
1.469	0.73	2
3.05	2.701	2
2.0681	1.24	2
1.405	3.46	2
2.72	2.989	2
0.14	1.037	1
2.0692	1.172	2
2.863	2.765	2
1.426	3.32	2
1.533	0.49	2
3.43	2.484	2
1.408	0.83	2
2.122	1.959	1
2.909	2.118	2
1.295	1.07	2
3.05	2.453	2
1.214	0.67	2
2.07	3.7	2
1.64	0.72	2
0.75	2.985	2
3.33	3.42	1
2.778	1.306	1
0.13	0.74	1
2.178	3.49	2
0.97	3.18	2
1.044	1.182	1
2.0345	1.309	2
0.75	2.512	1
1.813	0.62	2
0.76	3	2
2.329	1.63	1
0.63	1.197	1
2.529	3.62	2
1.77	3.08	2
1.381	1.252	2
1.086	3.07	2
2.163	0.69	2
3.19	0.66	1
2.983	0.69	1
0.37	0.59	1
0.98	1.704	1
1.613	2.26	1
0.41	1	1
3.69	1.276	2
1.131	1.9607	1
0.1	2.106	1
0.25	2.722	2
0.94	0.93	2
1.491	0.59	2
1.888	1.159	1
3.08	2.79	2
2.498	2.567	2
1.204	0.37	2
1.7	0.96	2
-0.34	2.246	2
2.842	0.59	1
1.9737	0.65	2
2.586	3.15	2
3.87	1.761	2
2.404	1.132	2
2.564	0.87	1
1.9416	2.54	1
0.42	0.74	1
1.187	1.43	1
1.421	1.252	1
0.65	3.32	2
1.361	1.062	2
3.49	1.99221	2
2.719	2.0781	1
2.0346	3.7	2
1.726	2.0468	1
2.207	2.0304	1
3.63	1.749	2
1.793	1.255	2
1.283	3	2
3.17	1.433	1
2.661	3.69	2
0.87	2.6	2
1.891	0.75	2
2.68	2.702	2
2.867	2.81	2
1.438	0.99	2
3.79	1.898	2
0.13	0.9	1
1.054	1.803	1
2.812	1.805	1
2.287	1.483	1
2.262	1.327	2
1.642	0.98	2
1.608	0.73	2
0.8	0.98	2
1.663	0.55	2
0.46	1.357	1
2.311	3.76	2
1.527	1.251	2
3.71	2.0217	2
3.88	1.632	2
0.82	1.9022	1
2.0431	1.9801	1
3.23	2.354	2
2.0788	1.9002	1
2.0544	0.41	2
1.76	3.72	1
1.504	0.91	2
1.364	3.35	2
3.15	2.634	2
3.29	0.57	1
1.017	3.06	2
1.794	1.526	1
2.298	1.171	1
1.028	0.94	2
3.21	2.354	2
2.328	3.71	1
2.313	0.93	2
0.76	1.648	1
0.61	1.32	1
3.2	0.44	1
1.792	2.332	1
2.553	3.54	2
2.354	0.81	2
1.26	0.47	2
1.231	3.35	2
1.9619	1.209	2
1.898	1.87	1
0.94	2.496	1
1.519	3.09	2
2.866	1.083	1
3.06	2.266	2
3.73	3.68	1
1.484	1.065	2
1.107	0.73	2
3.2	1.052	1
2.763	3.15	2
2.794	2.762	2
1.686	2.0194	1
1.544	3.55	2
3.04	2.563	2
1.9022	1.576	1
3.37	1.357	2
1.799	2.0726	1
0.03	2.611	2
2.99	1.9238	1
3.28	2.902	2
2.569	3.62	1
0.8	1.549	1
1.492	3.48	2
0.31	1.825	2
1.702	0.74	2
2.301	0.83	2
2.975	3.48	2
1.147	1.746	1
2.837	3.75	1
2.379	3.36	2
1.636	1.9172	1
2.939	1.649	1
3.24	2.554	2
3.37	1.669	1
1.52	1.087	2
3.34	1.739	2
2.286	3.23	2
2.672	4.03	2
1.48	0.48	2
1.487	3.29	2
1.352	1.369	2
1.887	1.803	1
2.103	2.329	1
1.059	2.976	2
1.467	1.598	1
3.09	0.41	1
1.605	1.244	2
3.46	1.583	1
1.276	0.74	2
0.41	1.02	1
2.159	3.51	2
1.157	3.4	2
1.419	0.73	2
1.732	0.74	2
0.42	1.158	1
1.48	3.2	2
1.9797	3.92	1
0.48	2.934	2
3.05	2.444	2
2.351	1.9598	1
1.678	0.88	2
1.346	1.001	2
2.165	0.42	2
4.6	2.951	1
3.52	1.9347	2
0.71	1.471	1
3.18	2.392	2
1.99736	0.98	2
3.24	2.273	2
3.45	2.398	2
2.54	0.74	2
1.676	0.97	2
0.31	0.8	1
1.545	2.868	2
4.16	3.16	1
1.768	0.6	2
2.685	3.69	2
1.9463	0.48	2
3.03	2.548	2
1.242	0.79	2
1.741	2.496	1
1.528	2.411	1
1.873	0.67	2
1.216	0.95	2
0.27	0.68	1
0.76	1.081	1
2.275	1.013	2
3.66	2.672	2
0.93	2.963	2
1.738	3.28	2
0.6	1.63	1
1.712	2.305	1
2.778	3.44	1
3.23	1.507	2
0.73	1.727	1
1.006	3.14	2
2.74	3.2	1
2.489	2.904	2
2.805	1.763	1
0.14	0.53	1
1.383	0.98	2
1.34	2.965	2
2.487	1.87	1
1.9492	0.81	2
2.96	1.478	1
0.79	2.778	2
2.149	3.98	2
0.24	1.097	1
2.0486	1.611	1
1.109	3	2
2.263	0.52	2
3.21	3.28	2
0.54	2.0829	1
0.96	3.19	2
0.31	1.458	1
2.707	2.0524	1
3.31	1.746	2
1.512	1.434	1
3.8	1.189	2
3.84	3.18	1
3.49	1.844	2
1.119	0.41	2
2.529	2.788	1
2.571	2.197	1
-0.07	2.0318	2
0.77	1.692	1
2.682	3.5	2
0.67	2.0398	1
0.65	2.424	1
2.307	1.322	2
2.859	1.048	1
1.328	2.683	1
3.36	2.258	2
1.63	3.48	2
0.1	0.9	1
0.62	1.68	1
2.234	2.958	2
0.99	1.229	1
1.261	2.578	1
1.893	0.5	2
2.592	2.973	2
2.52	3.21	2
2.416	3.86	1
1.819	2.344	1
3.27	1.559	2
2.422	1.066	1
1.296	1.198	2
2.088	0.75	2
2.952	2.427	2
3.39	1.782	2
0.92	0.7	2
3.25	1.65	2
2.183	0.79	2
1.9235	0.88	2
1.593	2.602	1
2.975	2.809	2
1.9448	2.882	1
1.054	3.02	2
3.11	1.894	2
1.206	3.07	2
1.348	0.9	2
-0.08	0.22	1
1.369	1.133	2
1.144	0.69	2
1.785	0.99	2
0.88	2.154	1
0.9	2.135	1
1.866	0.9	2
2.844	2.243	2
2.472	2.289	1
3.64	2.174	2
1.587	1.9725	1
1.125	2.591	1
1.596	2.178	1
1.703	1.533	1
1.302	0.74	2
3.2	2.298	2
1.654	0.5	2
0.86	1.506	1
1.9758	1.341	1
1.505	0.8	2
1.197	1.218	2
1.359	2.516	1
1.9126	1.052	2
0.96	2.679	2
2.701	2.0237	1
1.323	0.59	2
1.484	2.831	1
1.136	0.44	2
2.863	0.98	1
0.88	2.559	1
1.221	0.86	2
1.1	3.49	2
4.43	3.39	1
0.33	0.27	1
2.743	0.82	1
0.48	1.342	1
3.28	1.824	1
3.58	0.71	1
2.61	2.488	2
-0.15	1.142	1
1.9693	2.678	1
1.773	0.81	2
2.642	3.65	1
0.42	0.75	1
2.373	3.48	2
2.333	1.155	1
0.82	1.242	1
3.15	0.48	1
1.399	1.461	1
0.43	0.26	1
2.652	1.354	1
0.57	3.26	2
2.71	2.0529	1
3.18	2.585	2
0.99	0.73	1
2.13	3.38	2
2.469	1.679	1
0.92	2.72	2
2.987	2.858	2
3.57	1.611	2
1.589	2.727	1
1.28	2.189	1
1.99671	1.9223	1
1.063	1.914	1
4.21	3.02	1
1.394	1.003	2
3.4	2.377	2
2.37	2.312	1
0.59	1.786	1
1.808	3.66	2
1.9754	1.859	1
3.07	1.9567	2
1.523	0.75	2
0.65	1.515	1
2.996	2.225	2
0.75	0.72	2
1.802	3.67	1
1.2	1.718	1
2.168	2.345	1
2.851	3.46	2
3.45	0.76	1
0.98	0.82	2
0.69	2.916	2
1.543	1.678	1
2.0744	3.04	2
2.902	0.92	1
1.096	2.953	2
1.89	1.089	2
3.01	0.95	1
2.441	0.87	2
1.713	1.274	1
2.205	1.529	1
1.375	3.14	2
1.377	1.263	1
1.746	1.068	2
1.183	0.81	2
0.27	2.87	2
2.176	3.94	2
2.899	1.765	1
2.834	1.416	1
2.15	1.744	1
0.77	1.664	1
2.866	1.193	1
3.07	2.0877	2
1.744	3.52	2
4.34	0.75	2
1.626	0.92	2
0.84	2.381	2
0.7	0.83	1
2.527	1.749	1
1.252	1.43	1
3.02	2.997	2
2.105	2.103	1
2.563	2.137	1
2.317	1.9767	1
2.15	3.3	2
0.69	2.00723	1
3.42	1.854	2
2.576	3.7	1
1.894	1.684	1
0.8	2.932	2
0.86	2.488	2
1.849	3.66	2
0.54	1.091	1
3.36	1.575	2
3.41	2.83	2
2.176	0.89	2
1.474	3.26	2
2.552	0.93	1
0.86	2.304	1
0.36	2.143	1
1.811	0.76	2
2.775	2.0171	1
1.402	3.22	2
0.29	0.71	1
3.52	2.409	2
2.548	1.041	2
1.364	1.012	1
1.9277	0.92	2
2.0949	1.146	1
2.726	2.289	2
3.43	2.147	2
1.9762	2.000407	1
2.939	3.69	1
0.71	2.511	2
2.324	3.68	1
1.494	0.91	2
2.341	0.68	2
1.022	2.931	2
0.69	1.771	1
3.29	2.677	2
3.01	1.06	1
2.0219	1.612	1
1.353	0.78	2
1.69	0.62	2
1.854	2.132	1
3.38	2.877	2
2.24	0.86	2
0.99	0.47	2
3.21	0.98	1
1.377	3.24	2
0.58	2.83	2
1.9092	1.154	2
3.39	1.128	1
2.502	1.464	1
1.954	3.51	2
0.65	0.81	1
3.77	2.109	2
1.834	1.014	2
2.152	3.53	2
2.308	2.933	2
0.89	2.439	1
0.13	1.549	1
0.34	1.265	1
3.18	2.424	2
1.891	1.116	2
2.243	2.304	1
3.04	2.816	2
2.514	3.27	2
1.855	3.67	2
2.169	3.86	1
1.016	1.193	2
2.379	1.245	2
0.89	2.655	1
1.082	3.13	2
1.57	1.278	2
0.38	0.15	1
2.377	2.198	1
1.671	1.142	2
2.125	4.16	2
1.892	0.7	2
1.882	3.7	1
2.826	2.744	2
0.9	2.811	2
3.2	1.402	1
0.11	1.273	1
3.45	2.229	2
2.833	1.746	1
0.3	1.155	1
2.272	3.82	1
2.179	3.81	2
1.049	2.533	2
0.93	2.534	1
1.126	2.922	2
1.9285	3.41	2
2.195	1.704	1
2.373	0.83	2
2.808	1.169	1
1.496	3.03	2
3.39	2.262	2
3.12	2.862	2
2.755	2.22	1
3.57	1.886	2
3.32	3.36	1
2.802	2.133	2
1.442	2.572	1
2.27	2.696	1
1.394	1.454	1
1.444	1.495	1
0.26	2.254	2
2.143	2.337	1
3.19	1.596	2
1.84	0.64	2
3.29	2.153	2
3.47	1.688	1
1.147	0.83	2
1.623	2.607	1
2.816	2.306	1
3.16	0.92	1
2.378	1.44	1
1.433	0.86	2
2.934	2.258	1
3.01	1.257	1
2.96	1.1	1
1.751	2.0234	1
3.45	1.74	2
1.503	3.07	2
2.827	2.755	2
2.604	2.374	2
4.51	3.11	1
2.154	1.347	1
1.736	1.232	1
1.427	1.211	1
2.792	2.988	2
1.9662	3.52	2
3.59	1.478	2
1.39	1.694	1
2.184	3.7	1
2.0317	1.179	1
2.781	2.415	2
2.118	0.63	2
0.43	2.942	2
2.415	3.8	2
2.552	4.05	2
0.79	1.066	2
-0.14	1.524	1
2.0154	0.59	2
1.9211	0.65	2
1.603	3.32	2
1.534	2.145	1
2.238	0.49	2
1.567	0.87	2
3.3	2.555	2
2.0991	0.95	2
2.59	1.204	1
1.765	1.383	1
2.796	2.429	1
0.03	1.729	1
2.284	4.37	2
1.61	1.791	1
2.165	1.595	1
1.576	4.01	2
1.066	0.42	2
2.218	1.632	1
1.717	3.88	1
1.653	0.5	2
1.658	0.69	2
2.313	2.189	1
1.659	1.9642	1
1.99302	0.85	2
0.27	0.7	1
1.549	2.775	1
0.38	1.288	1
1.138	1.9387	1
1.172	1.161	2
0.99	3.07	2
3.02	2.858	2
1.745	2.387	1
2.118	2.13	1
1.214	1.36	1
1.9105	3.65	1
4.46	3.23	1
1.197	1.295	2
1.382	0.8	2
2.713	3.02	2
2.976	0.47	1
3.47	3.21	1
0.03	1.326	1
1.988	3.42	2
2.748	1.442	1
0.55	1.797	1
2.199	1.14	2
0.32	1.49	1
2.56	2.491	2
2.216	0.88	2
1.768	1.157	1
3.66	3.42	1
2.301	4.01	2
3.33	2.825	2
3.18	2.08	2
0.41	2.138	2
3.78	1.492	2
3.37	0.48	1
2.802	2.431	1
2.913	1.682	1
2.00564	0.86	2
0.92	3.31	2
2.379	3.37	2
1.894	1.067	2
2.854	1.173	1
0.53	1.788	1
3.24	0.67	1
1.686	1.016	2
1.526	1.089	2
2.659	1.943	1
3.83	2.349	2
3.51	0.85	1
1.763	0.6	2
2.016	0.87	2
2.26	3.91	2
1.896	0.91	2
1.276	0.52	2
3.24	1.855	2
1.224	0.74	2
3.16	2.0489	2
3.05	-0.08	1
2.143	3.05	2
0.58	0.49	1
3.21	2.642	2
2.551	3.48	2
2.191	3.72	2
2.345	1.109	2
1.604	0.62	2
0.41	1.234	1
2.903	0.83	1
3.57	1.9092	2
3.18	2.913	2
1.677	1.736	1
1.698	0.78	2
0.74	1.704	1
2.874	0.59	1
1.115	3.05	2
0.48	1.26	1
1.284	1.806	1
1.421	1.603	1
0.48	2.388	2
3.57	1.434	2
1.298	0.8	2
1.634	1.118	2
3.45	0.22	1
0.78	2.831	2
3.39	0.89	1
2.969	2.921	2
2.659	3.07	2
1.762	2.126	1
1.424	1.537	1
2.171	1.114	2
2.893	2.345	2
0.51	2.885	2
2.258	2.309	1
1.391	1.083	2
3.05	2.651	2
1.173	1.494	1
2.374	0.61	2
1.216	2.969	2
3.08	3.42	1
2.146	1.849	1
0.07	2.603	2
1.266	0.91	2
0.81	1.471	1
2.0176	2.0932	1
3.72	1.552	2
3.37	2.625	2
3.3	2.186	2
1.9382	2.358	1
1.071	0.61	2
3.14	1.9229	2
1.15	1.08	2
0.22	0.51	1
0.14	1.023	1
1.301	1.999422	1
1.005	0.61	2
1.767	2.593	1
1.585	3.48	2
0.34	1.208	1
1.848	1.331	2
1.327	2.313	1
0.76	1.28	1
2.73	1.63	2
0.75	2.104	1
3.85	3.38	1
2.134	1.078	2
2.546	1.805	1
2.604	3.03	2
0.87	0.92	1
0.87	2.193	1
0.38	3.02	2
0.93	0.89	1
1.557	3.86	2
2.0438	2.536	1
1.738	0.8	2
2.156	2.152	1
1.689	2.995	1
2.639	3.2	2
0.58	1.64	1
0.57	2.707	2
3.52	0.66	1
0.09	-0.24	1
2.132	4	2
4.06	3.12	1
2.512	0.66	2
1.862	1.049	2
3.15	2.824	2
2.233	0.71	2
1.876	0.73	2
2.0584	1.362	1
2.486	2.245	1
1.9773	2.163	1
3.15	3.16	1
2.834	3.24	2
-0.03	0.35	1
2.0205	3.23	2
2.522	3.36	1
1.199	1.76	1
1.822	1.762	1
3.16	3.05	2
0.06	0.97	1
3.45	2.273	2
0.93	3.16	2
2.413	0.7	2
3.32	2.0928	2
2.322	3.68	1
1.708	0.68	2
2.206	3.19	2
1.361	0.63	2
2.407	3.67	1
2.144	3.56	2
0.42	2.588	2
0.42	2.807	2
2.683	1.9653	1
1.332	0.87	2
-0.05	0.6	1
1.321	1.9043	1
1.076	3.45	2
1.453	0.69	2
2.0296	3.2	2
4.23	2.895	1
1.44	0.59	2
1.442	0.33	2
2.0598	0.74	2
2.51	0.85	2
1.878	1.9329	1
1.498	0.96	2
3.41	1.192	1
1.32	2.314	1
1.653	2.574	1
1.845	3.29	2
3.18	2.0819	2
3.8	1	2
1.347	1.266	2
3.3	2.648	2
2.265	1.818	1
2.896	2.36	1
1.055	0.57	2
0.74	0.99	1
0.35	1.277	1
1.897	0.29	2
3.87	3.19	1
2.839	1.9181	1
2.167	2.87	2
1.083	1.137	2
3.26	1.088	1
1.214	0.98	2
4.81	3.3	1
2.725	1.46	1
1.291	1.738	1
2.56	0.95	2
1	2.078	1
3.18	1.9487	2
0.71	2.891	2
2.126	1.135	2
3.31	1.762	2
3.62	1.081	2
2.918	2.82	2
4.17	3.24	1
2.433	2.38	1
2.211	0.72	2
3.18	1.9665	2
0.68	1.597	1
1.9064	0.72	2
1.188	1.589	1
2.933	3.21	2
2.642	2.909	2
3.16	3.48	1
1.46	1.399	1
0.52	1.318	1
3.41	0.52	1
0.37	0.84	1
2.663	3.7	2
2.0329	3.88	2
0.92	1.9406	1
2.981	1.9428	2
1.666	2.18	1
1.523	2.676	1
3.12	1.244	1
3.36	2.482	2
2.123	0.38	2
1.741	2.996	2
1.9338	1.521	1
0.6	2.553	2
2.1	0.52	2
3.37	2.428	2
1.68	2.707	1
3.76	3.33	1
1.746	2.403	1
2.636	3.34	1
1.563	1.016	2
1.196	2.396	1
2.685	4.2	2
3.89	2.834	1
1.385	0.64	2
2.387	3.71	2
1.762	0.51	2
0.97	1.578	1
2.656	2.844	2
2.713	4.04	1
3.26	3.72	2
1.255	2.987	2
0.56	1.642	1
2.127	3.22	2
3.79	3.5	1
1.73	2.0117	1
2.418	0.88	2
4.17	3.45	1
3.66	3.3	1
4.12	3.1	1
1.748	2.623	1
2.16	0.6	2
3.27	2.301	2
1.07	2.758	2
1.034	2.487	1
2.0236	0.93	2
2.517	1.069	2
0.05	1.1	1
2.213	1.248	2
1.623	1.027	2
2.395	2.423	1
1.24	1.138	2
1.053	2.445	1
2.112	2.238	1
3.24	2.342	2
1.678	1.644	1
0.85	2.587	2
2.923	2.246	2
1.661	2.806	1
1.289	2.0759	1
2.157	1.066	2
2.235	0.95	2
1.889	0.67	2
1.349	2.369	1
2.527	3.18	2
3.76	3.48	1
2.0386	0.74	2
2.584	1.788	1
0.98	0.99	2
0.8	1.752	1
1.176	2.858	2
2.191	3.94	2
1.741	3.34	2
0.78	3.12	2
3.11	2.57	2
2.073	1.99831	1
1.9719	1.677	1
2.48	0.85	2
2.0967	0.6	2
2.375	3.24	2
0.37	2.101	2
2.02	0.46	2
2.592	3.15	2
2.0071	1.076	2
2.784	2.972	2
3.33	2.335	2
0.58	1.9253	1
1.205	3.17	2
1.9753	0.5	2
2.904	3.04	2
2.237	2.0367	1
2.604	1.291	1
1.052	1.018	2
2.686	1.81	1
3.2	1.246	1
0.41	2.763	2
2.255	2.412	2
3.78	3.35	1
1.371	1.882	1
2.0428	0.96	2
2.973	2.457	2
1.361	3.28	2
3.23	1.99153	2
4.64	2.966	1
2.323	1.204	1
0.88	0.61	2
0.86	2.693	2
2.0328	3.22	2
2.0496	0.95	2
-0.11	0.55	1
0.72	2.213	1
1.423	2.206	1
4.71	3.35	1
2.121	3.63	2
1.9725	0.58	2
0.85	2.406	1
1.796	0.46	2
1.701	0.86	2
2.216	3.96	1
1.433	0.86	2
1.764	0.83	2
3.22	1.9534	2
1.148	1.41	1
0.94	2.917	2
2.595	3.02	2
3.05	2.768	2
2.996	3.04	2
3	3.69	1
2.799	2.995	2
2.725	3.39	2
2.782	3.8	2
3.93	3.34	1
1.209	0.57	2
3.33	1.514	1
3.64	1.395	2
3.13	2.33	2
0.42	2.456	2
1.9233	2.000168	1
0.13	0.83	1
1.108	3.25	2
2.785	2.173	2
3.04	2.779	2
1.307	2.953	2
2.682	1.854	2
1.833	3.07	2
1.379	0.88	2
2.133	1.773	1
2.871	3.29	2
1.281	1.616	1
2.0379	0.36	2
3.57	3.43	1
2.314	3.84	2
3.68	1.707	2
1.344	1.666	1
2.551	2.921	2
0.48	2.946	2
1.844	0.84	2
2.0652	1.234	2
0.85	2.771	2
3.07	1.779	1
2.535	3.4	2
1.9308	3.73	1
4.36	3.33	1
1.401	1.035	2
1.097	1.9178	1
0.4	2.682	2
2.271	1.9618	1
2.838	2.603	2
3.34	1.311	2
2.657	3.05	2
0.48	2.506	2
0.79	2.488	2
1.888	3.85	1
2.74	3.53	1
2.451	1.99167	1
0.4	2.632	2
-0.1	1.141	1
0.63	2.645	2
2.52	3.25	2
1.802	1.464	1
3.54	3.24	1
1.579	1.269	2
3.1	2.253	2
2.734	1.788	1
-0.12	1.425	1
1.9469	0.74	2
2.835	1.9863	2
3.1	2.604	2
1.495	3.17	2
1.476	1.143	2
0.11	1.201	1
1.025	1.818	1
2.616	0.93	1
1.638	0.3	2
2.611	2.649	2
0.59	0.98	1
1.386	0.57	2
1.714	1.429	1
1.303	0.31	2
1.141	2.885	2
2.526	3.36	1
1.749	2.846	1
4.01	1.305	2
0.49	1.407	1
1.845	0.97	2
0.2	2.529	2
1.838	1.9777	1
1.372	1.733	1
1.254	1.07	2
1.39	2.00888	1
1.9661	0.34	2
2.935	2.556	2
3.01	2.829	2
-0.77	2.0962	2
3.26	2.0903	2
1.362	0.99	2
2.552	2.961	2
1.761	1.152	2
2.275	1.798	1
0.17	2.601	2
1.493	3.24	2
2.908	1.494	1
3.16	2.703	2
1.249	0.63	2
1.372	2.601	1
1.5	1.9405	1
1.111	1.116	2
1.659	2.169	1
2.0554	1.861	1
1.545	0.7	2
1.884	2.0815	1
1.29	1.126	1
3.35	1.75	2
3.51	3.59	1
3.67	1.022	2
1.884	0.64	2
0.05	1.84	1
3.75	0.97	2
4.36	3.5	1
3.24	2.828	2
1.474	3.19	2
1.9134	0.63	2
0.54	1.109	1
2.637	2.00536	1
2.384	1.686	1
2.431	2.266	2
3.35	2.644	2
1.256	2.196	1
1.55	0.41	2
3.31	3.07	2
1.304	0.8	2
2.553	1.183	1
1.468	1.821	1
1.139	1.138	2
0.75	1.103	1
1.369	1.086	2
2.524	1.352	1
2.791	3.69	1
1.499	3.1	2
2.768	1.083	1
3.29	3.07	2
3.24	2.00235	2
2.811	4	2
3.18	3.25	1
2.32	1.535	1
0.73	1.296	1
1.131	3.38	2
1.532	2.245	1
3.44	0.48	1
0.38	0.84	1
3.89	3.1	1
2.284	4.31	2
2.0066	1.006	2
0.19	1.357	1
0.81	0.97	2
1.253	2.468	1
3.19	1.034	1
2.748	3.81	1
2.225	3.34	2
2.899	2.538	2
2.904	2.195	2
0.75	2.479	2
2.74	3.35	1
1.202	0.79	2
2.371	1.411	1
3.11	2.0482	2
1.73	0.72	2
1.631	1.016	2
1.248	1.681	1
1.462	0.85	2
1.491	2.912	2
4.51	3.3	1
2.137	3.69	2
1.871	3.57	2
0.45	1.337	1
2.818	2.845	2
1.283	0.97	2
2.0188	2.0512	1
1.29	2.465	1
0.57	0.82	1
0.61	1.718	1
2.753	3.84	2
2.598	2.484	2
2.0256	2.228	1
3.02	2.508	2
0.68	3.12	2
0.3	2.422	2
1.963	0.65	2
0.99	1.789	1
0.75	0.9	2
3.5	2.637	2
0.98	2.899	1
1.173	1.243	2
3.54	1.74	2
1.9021	0.99	2
0.99	0.71	2
1.293	1.622	1
1.122	0.84	2
0.66	2.717	2
4.21	3.21	1
2.25	2.466	1
4.34	3.13	1
2.614	1.843	1
4.03	1.573	2
1.432	0.64	2
0.36	0.73	1
2.779	1.185	1
1.293	1.432	1
1.288	0.9	2
3.62	2.0564	2
0.99	2.412	1
3.61	3.4	1
0.74	1.497	1
1.155	1.623	1
3.31	1.434	1
1.782	4.09	2
1.32	0.93	2
3.15	0.44	1
2.55	2.857	2
1.57	0.6	2
2.403	1.003	2
1.9983	2.282	1
1.383	1.542	1
2.143	0.44	2
1.779	2.12	1
2.58	3.17	2
2.876	1.031	1
1.9763	2.303	1
2.0052	2.24	1
2.904	2.97	2
1.194	2.575	1
2.423	1.666	1
3.08	3.36	1
1.361	3.25	2
1.9218	0.9	2
2.595	2.429	2
2.908	3.48	1
2.355	2.562	1
2.149	1.705	1
0.06	1.727	1
2.222	2.214	1
0.56	1.57	1
2.265	1.625	1
1.705	2.565	1
0.45	0.98	1
1.07	1.105	2
0.82	2.422	1
1.797	0.92	2
3.26	1.672	1
3.48	0.95	1
1.501	1.234	2
2.12	0.88	2
1.662	1.09	2
2.909	2.522	2
2.395	2.0856	2
1.3	0.75	2
2.0828	1.121	1
1.168	0.67	2
-0.01	0.15	1
0.45	2.695	2
1.245	0.91	2
1.17	2.993	2
2.314	3.54	2
0.56	1.775	1
2.287	3.45	1
1.722	1.185	1
3.46	1.491	1
2.496	3.52	2
3.81	1.782	2
2.824	2.45	2
-0.56	1.9216	2
1.164	1.493	1
2.066	0.77	2
1.258	2.36	1
3.31	2.328	2
3.35	3.21	1
2.34	0.97	2
0.93	1.384	1
1.366	3.65	2
3.95	0.98	2
1.9603	0.91	2
3.04	0.87	1
0.85	2.729	2
1.472	2.953	1
2.854	3.15	2
0.96	3.04	2
1.079	0.81	2
0.22	0.42	1
1.9816	0.87	2
0.45	2.386	2
1.461	0.79	2
1.545	2.494	1
3.44	3.38	1
0.8	2.659	2
2.731	3.31	2
0.61	0.91	1
1.587	2.0554	1
2.271	2.38	1
1.118	3.29	2
3.29	0.96	1
2.299	3.49	2
1.246	3.1	2
1.9399	4.04	1
3.42	1.303	1
3.12	2.173	2
1.217	0.67	2
0.45	0.4	1
0.66	2.146	1
0.9	0.83	2
2.101	0.61	2
1.516	0.8	2
1.016	3.03	2
1.731	2.961	1
1.453	3.71	2
2.494	0.99	2
1.877	3.86	2
1.9147	0.88	2
3.41	2.607	2
3.27	1.841	2
1.9627	0.68	2
2.433	3.65	1
0.97	1.142	1
2.69	2.745	2
2.354	3.06	2
0.08	0.94	1
1.459	1.35	1
3.38	0.64	1
3.29	2.525	2
1.164	2.959	2
1.753	2.775	1
2.552	2.942	2
1.81	2.168	1
2.714	0.81	1
3.19	2.594	2
2.428	0.57	2
1.425	0.38	2
0.03	0.28	1
1.9745	0.7	2
1.108	3.02	2
1.868	0.65	2
0.15	2.545	2
1.509	1.571	1
1.842	2.358	1
1.525	0.98	2
3.26	-0.39	1
1.193	2.992	2
3.19	2.115	2
2.439	3.5	2
3.44	0.27	1
2.109	3.65	1
1.404	0.67	2
3.11	2.431	2
1.653	1.444	1
3.47	3.39	1
3.63	1.44	2
0.47	3.21	2
0.88	3.1	2
2.0551	3.34	2
1.612	0.92	2
2.136	0.64	2
1.21	1.177	2
2.646	3.82	1
1.532	1.794	1
2.735	2.571	2
1.223	0.67	2
1.69	3.45	2
1.9307	0.7	2
1.838	1.666	1
2.724	1.426	1
0.97	2.153	1
2.385	1.256	2
3.23	1.885	2
0.51	2.796	2
2.0586	1.867	1
3.05	1.638	1
1.16	0.95	2
2.351	0.58	2
0.66	1.538	1
1.787	2.77	1
2.523	3.05	2
1.335	3.23	2
3.03	3.55	1
2.495	3.54	2
2.582	2.232	2
2.35	2.889	2
2.321	3.58	2
2.155	2.0373	1
1.217	2.931	2
2.153	1.125	1
3.08	2.925	2
2.614	2.908	2
1.647	3.98	1
2.0762	0.73	2
2.282	0.57	2
2.876	1.193	1
1.315	2.459	1
2.265	3.4	2
2.29	2.591	2
2.662	3.49	2
1.311	0.55	2
1.786	0.73	2
1.881	1.158	2
0.16	0.77	1
1.898	1.694	1
1.005	1.063	2
1.521	2.0719	1
0.69	2.463	2
1.514	0.38	2
2.115	1.557	1
2.698	2.784	2
3.09	0.76	1
0.43	1.599	1
1.726	2.489	1
2.764	3.98	1
4.41	2.946	1
1.652	2.119	1
3.27	1.806	2
1.78	0.62	2
3.08	0.17	1
1.586	0.72	2
4.12	3.07	1
2.22	4.08	2
2.207	0.62	2
1.481	1	2
1.99366	1	2
1.32	3.68	2
0.82	1.478	1
2.32	2.282	1
1.362	3.32	2
2.72	1.846	1
2.92	1.283	1
2.511	1.227	1
1.319	1.414	1
3.11	2.205	2
2.087	0.72	2
3.13	1.459	1
1.984	0.74	2
1.561	1.116	1
2.424	1.16	2
4.25	0.6	2
2.139	1.197	1
2.488	3.31	2
0.96	3.27	2
3.33	1.296	2
0.77	2.89	2
1.671	1.045	2
2.174	0.89	2
1.301	2.755	2
1.863	0.84	2
3.09	0.9	1
1.9828	0.97	2
2.269	2.605	1
2.305	3.63	1
0.18	2.904	2
1.473	0.62	2
2.557	1.745	1
-0.41	2.26	2
1.486	0.93	2
1.675	0.68	2
4.53	3.5	1
2.471	4.03	2
2.986	2.843	2
2.746	2.441	2
0.68	2.907	2
3.33	3.7	1
3.59	1.622	2
2.387	1.999347	1
1.086	1.081	2
3.41	2.0907	2
1.361	2.522	1
2.866	3.14	2
0.22	1.509	1
2.391	1.9099	1
0.73	2.184	1
0.92	1.388	1
1.283	2.455	1
0.89	2.00172	1
0.49	1.034	1
1.138	3.53	2
2.605	3.86	1
1.182	2.654	1
1.609	3.1	2
2.941	1.746	1
3.59	3.72	1
0.49	0.84	1
2.413	2.473	1
1.649	1	2
3.68	2.113	2
1.166	3.48	2
3.45	1.493	2
1.441	2.0594	1
3.23	1.9003	2
1.9658	2.145	1
1.166	3.41	2
2.743	0.99	1
3.01	3.82	1
2.191	0.71	2
2.0543	1.033	2
2.768	0.75	1
3.12	2.612	2
2.424	2.547	1
3.29	1.609	2
1.388	0.58	2
1.799	2.287	1
1.221	3.09	2
2.44	2.246	1
2.778	2.952	2
2.0179	0.99	2
1.784	0.62	2
1.446	1.62	1
2.0698	0.75	2
1.131	2.625	2
0.47	0.83	1
1.825	1.091	2
0.5	0.86	1
2.528	0.96	1
3.07	2.61	2
1.013	1.265	1
1.532	0.83	2
3.77	2.239	2
2.885	1.628	1
4.59	0.85	2
3.04	2.285	2
2.736	3.64	2
3.23	2.458	2
1.863	0.61	2
1.9426	1.792	1
1.504	3.03	2
0.96	2.984	2
2.952	0.1	1
1.79	2.11	1
0.05	2.614	2
3.68	1.528	2
1.134	2.751	2
2.322	0.96	2
0.29	1.347	1
1.514	0.47	2
2.587	1.689	1
1.45	2.236	1
3.4	1.126	1
1.616	0.92	2
2.746	2.991	2
2.758	0.55	2
1.9532	1.668	1
2.698	3.02	2
0.47	2.658	2
1.838	0.76	2
1.493	2.69	1
3.41	0.62	1
1.265	0.81	2
1.859	1.881	1
3.31	2.628	2
3.38	0.98	1
3.18	0.81	1
1.9215	0.84	2
2.844	3.22	2
2.913	0.4	1
0.96	3.33	2
0.9	2.145	1
1.756	0.8	2
2.0643	0.72	2
2.483	0.77	2
3.37	3.29	1
1.131	2.634	2
1.9453	0.94	2
2.816	1.867	1
0.51	2.744	2
1.187	1.335	1
3.6	2.0487	2
2.742	3.56	1
3.45	1.812	2
1.209	0.56	2
0.69	2.118	1
2.0336	2.323	1
2.308	0.66	2
2.856	0.89	1
2.532	1.9569	1
1.829	3.68	1
1.695	2.247	1
1.578	1.759	1
2.836	2.849	2
3.77	2.013	2
0.44	2.514	2
2.137	1.138	2
0.93	1.983	1
0.69	1.68	1
0.67	1.419	1
0.24	0.42	1
1.742	0.94	2
1.747	1.191	2
2.395	3.35	1
0.61	1.844	1
2.446	0.93	2
3.52	2.795	2
3.44	2.898	2
3.04	2.952	2
0.18	1.153	1
0.89	2.276	1
0.8	0.81	2
2.268	3.14	2
3.29	0.81	1
1.065	3.02	2
2.247	1.04	2
2.387	3.59	1
2.247	2.41	1
2.722	2.153	2
2.249	1.549	1
2.923	2.166	1
1.763	1.9622	1
3.27	2.496	2
0.8	3.43	2
0.81	1.061	2
2.0209	1.027	2
2.637	2.984	2
2.714	0.92	1
1.785	2.549	1
2.306	1.839	1
2.205	0.72	2
3.51	3.52	1
1.239	2.373	1
1.294	1.303	2
1.617	2.671	1
0.89	1.56	1
2.496	1.386	1
1.9471	1.9832	1
4.09	3.1	1
0.72	0.83	1
3.44	2.0946	2
4.06	1.107	2
1.362	1.248	2
2.402	1.61	1
2.122	2.599	1
3.42	3.49	1
0.45	2.588	2
2.854	2.0949	1
1.732	2.75	1
1.43	2.502	1
1.619	1.041	2
2.236	2.443	1
2.898	1.281	1
1.568	3.13	2
3.14	1.062	1
2.0935	4.1	2
2.463	2.935	2
1.77	0.98	2
2.671	2.181	1
2.168	3.7	2
1.825	2.0644	1
2.796	2.423	1
1.176	1.529	1
1.07	1.498	1
0.94	3.49	2
2.375	3.27	2
4.45	3.25	1
-0.04	2.401	2
2.0735	0.99	2
1.263	1.9323	1
2.848	2.402	2
2.281	2.343	1
0.87	1.9026	1
1.179	0.56	2
1.789	1.666	1
1.636	0.6	2
0.73	1.327	1
2.784	3.39	2
0.98	2.883	2
2.833	1.9435	1
2.478	3.31	1
0.86	1.755	1
3.14	2.494	2
2.667	0.99	1
4.17	2.926	1
1.871	2.877	1
1.419	2.582	1
2.427	3.77	1
1.862	2.425	1
0.02	2.875	2
1.663	2.559	1
1.631	1.035	2
2.325	1.847	1
1.768	1.636	1
1.251	3.26	2
1.434	3.19	2
3.33	1.226	1
0.75	0.53	2
2.00453	3.47	2
0.19	1.457	1
1.693	2.938	2
0.82	2.732	2
0.32	2.93	2
0.48	0.6	1
0.55	1.299	1
2.616	3.77	1
1.9778	1.798	1
2.246	1.233	2
1.237	1.427	1
1.419	1.818	1
3.42	1.9535	2
1.861	0.73	2
1.821	2.19	1
1.279	3.19	2
1.291	1.058	2
2.945	2.239	1
1.109	2.593	2
0.82	2.862	2
3.3	1.972	2
2.576	1.658	1
2.0381	2.167	1
1.781	1.805	1
2.855	2.959	2
0.92	0.83	2
1.404	1.011	2
0.59	1.144	1
1.702	1.757	1
2.444	3.14	2
3.01	2.397	2
3.31	1.64	1
3.78	3.19	1
3.1	2.458	2
0.67	1.353	1
0.4	1.459	1
0.8	2.455	2
3.01	3.57	1
3.38	2.583	2
1.777	3.04	2
1	0.78	2
2.576	1.335	1
1.606	3.39	2
1.427	1.12	2
-0.19	2.0991	2
2.729	3.49	1
2.308	1.087	2
2.661	2.0147	1
2.515	2.884	2
3.32	1.856	2
0.95	1.618	1
3.46	1.9535	2
3.22	1.841	2
2.639	1.185	2
1.765	2.352	1
0	2.403	2
1.842	0.92	2
3.71	3.39	1
2.905	1.449	1
1.9051	1.179	2
2.781	3.08	2
1.376	3.75	2
0.6	3.19	2
0.79	2.357	1
2.123	0.76	2
3.01	2.446	2
1.334	0.66	2
1.181	1.057	2
2.202	0.83	2
2.745	2.681	2
1.539	0.93	2
2.622	1.454	1
0.49	0.61	1
3.05	2.409	2
2.751	2.608	2
0.87	2.164	1
4.33	3.21	1
2.855	1.735	1
1.9753	1.235	2
2.21	0.74	2
0.33	1.788	1
1.606	1.662	1
1.611	0.8	2
3.11	3.33	1
0.76	2.323	1
1.884	0.77	2
2.372	3.6	2
0.77	1.194	1
3.31	0.28	1
1.746	0.63	2
0.85	1.353	1
3.21	0.23	1
2.00425	3.61	2
1.33	3.22	2
3.57	3.16	1
1.759	2.897	1
3.04	2.93	2
3.39	2.504	2
3.96	1.291	2
2.978	0.67	1
0.33	1.99549	1
1.471	0.98	2
1.863	3.44	2
0.13	1.22	1
3.04	1.76	1
0.79	1.215	1
2.8	2.662	2
2.133	4.05	2
3.34	0.2	1
2.175	2.652	1
3.14	1.9171	2
1.366	3.26	2
1.383	1.208	2
0.58	2.728	2
2.897	2.742	2
1.9186	4.18	1
3.27	3.6	1
1.241	2.366	1
1.153	1.104	2
3.23	1.215	1
1.157	0.86	2
2.357	2.647	2
0.64	1.742	1
2.977	2.597	2
3.05	1.533	1
1.283	3.23	2
2.955	1.9842	2
3.6	1.817	2
0.79	1.267	1
1.407	3.28	2
3.14	2.814	2
1.403	2.232	1
2.575	1.81	1
0.66	1.69	1
1.871	1.939	1
2.447	2.92	2
2.377	1.357	1
0.46	2.643	2
0.75	1.311	1
4.34	3.18	1
1.659	3.55	2
3.27	2.0842	2
0.27	2.562	2
2.957	2.0986	2
1.361	0.96	2
2.303	0.65	2
1.561	3.37	2
1.713	0.93	2
3.46	2.651	2
2.957	1.214	1
1.9893	1.04	2
3.21	2.0512	2
2.105	0.33	2
2.786	2.859	2
0.92	2.356	1
2.0909	0.61	2
0.66	2.805	2
1.353	3.08	2
3.17	0.6	1
1.189	0.65	2
1.039	1.898	1
1.032	1.774	1
1.678	2.535	1
0.74	1.485	1
2.62	1.014	1
-0.32	2.0861	2
3.21	3.31	1
2.196	3.08	2
3.45	3.33	1
2.137	1.753	1
1.026	0.57	2
1.665	0.31	2
1.9001	3.97	1
2.272	2.813	2
2.56	3.18	2
1.9473	1.254	2
1.812	1.002	2
1.631	2.692	1
1.774	0.94	2
2.458	1.291	1
0.74	1.088	2
0.67	1.608	1
1.379	3.52	2
1.247	3.1	2
1.565	0.92	2
2.328	3.28	2
2.227	3.71	1
1.285	2.0859	1
2.81	3.93	2
2.364	3.98	1
2.624	3.1	2
2.922	2.93	2
1.584	1.059	2
0.63	2.968	2
2.269	3.62	1
2.353	3.58	2
2.11	2.553	1
3.49	2.385	2
2.571	0.47	2
2.171	3.59	1
2.409	1.9428	1
3.93	1.158	2
2.907	2.191	2
2.0413	2.345	1
2.484	0.7	2
1.9695	0.91	2
3	1.9103	2
3.09	2.299	2
1.457	1.9796	1
2.659	2.913	2
1.458	1.261	2
0.98	3.53	2
0.37	2.293	2
3.49	2.627	2
1.417	0.95	2
1.193	3.12	2
1.317	3.38	2
2.0734	1.838	1
2.388	3.64	2
2.874	3.79	2
2.584	2.679	2
3.42	2.374	2
1.221	2.676	1
2.678	2.335	2
2.204	0.94	2
3.43	2.498	2
1.221	0.8	2
0.7	2.577	2
3.03	2.0331	2
1.468	0.83	2
2.119	0.72	2
3.53	0.95	1
1.519	1.096	2
2.858	2.399	2
2.126	2.819	2
1.12	0.73	2
2.145	1.374	1
2.534	3.86	1
4.03	3.1	1
1.454	2.442	1
3.42	3.8	1
3.41	-0.09	1
1.434	1.437	1
1.027	2.495	1
2.932	3.43	1
2.472	3.37	2
2.74	2.053	1
1.786	3.76	2
1.47	1.056	2
1.064	0.5	2
2.37	1.9487	1
2.695	2.651	2
2.88	2.275	2
1.437	1.836	1
3.27	1.325	1
0.68	1.854	1
3.7	1.511	2
2.832	2.442	2
2.561	3.74	1
2.617	3.11	2
0.59	3.14	2
3.71	1.775	2
2.473	2.339	1
1.145	3.44	2
0.28	1.59	1
2.18	1.9373	1
2.712	2.837	2
2.211	3.71	1
1.245	1.241	1
2.661	3.2	2
2.902	2.947	2
2.544	1.158	1
3.67	2.974	1
1.9429	0.5	2
0.39	1.61	1
1.739	0.73	2
3.8	3.53	1
2.134	0.82	2
1.721	0.94	2
2.405	1.445	1
0.36	1.438	1
1.854	3.83	1
2.499	0.83	2
1.829	0.91	2
1.825	1.054	2
3.54	1.664	2
3.33	2.406	2
2.833	2.653	2
2.69	3.57	2
1.458	2.918	2
3.19	1.681	1
3.73	3.26	1
-0.01	2.439	2
2.316	3.43	1
2.933	2.711	2
4.43	2.869	1
1.528	0.84	2
0.83	2.126	1
4.22	-0.04	2
3.07	2.438	2
1.875	2.521	1
2.857	2.875	2
2.569	1.142	2
2.646	1.068	1
1.017	3.1	2
1.171	3.06	2
2.22	1.133	2
-0.09	0.78	1
0.36	1.038	1
2.0604	3.64	2
3.62	0.84	1
1.979	0.91	2
0.89	1.347	1
3.13	1.9884	2
1.162	0.83	2
2.102	0.97	2
2.576	0.95	1
2.635	3.67	1
2.336	2.611	1
2.32	1.002	2
0.42	0.39	1
1.871	0.31	2
1.751	2.505	1
1.014	0.73	2
2.335	1.517	1
2.133	1.432	1
3.08	0.98	1
1.514	1.113	2
4.08	3.35	1
2.638	3.11	2
2.0965	0.9	2
3.03	1.618	1
1.295	2.129	1
3.35	3.1	1
1.9	0.95	2
2.431	0.44	2
0.63	1.877	1
1.005	1.168	2
1.019	0.96	2
0.1	0.68	1
2.982	1.548	1
1.506	1.281	2
2.995	2.502	2
1.493	2.357	1
2.0853	2.789	1
1.9341	0.67	2
0.49	1.724	1
0.97	2.681	2
3.19	0.75	1
0.51	2.228	1
2.409	3.76	2
1.394	1.871	1
3.18	2.597	2
2.108	1.696	1
2.418	1.103	1
2.381	3.55	2
1.049	0.7	2
1.881	4.06	1
3.14	2.148	2
3.31	3.62	1
2.724	2.417	2
1.893	1.768	1
0.43	2.905	2
1.786	3.58	2
1.788	1.845	1
1.9317	1.596	1
1.049	0.67	2
2.533	2.541	1
0.64	2.887	2
2.98	1.168	1
0.71	3.52	2
3.08	1.999183	2
1.853	3.85	2
1.865	2.0707	1
2.318	1.13	2
2.632	3.74	2
0.57	3.25	2
1.501	0.69	2
2.296	3.51	2
2.416	2.1	1
1.663	3.48	2
0.7	1.171	1
1.9701	2.617	1
0.22	1.157	1
2.314	0.75	2
1.199	3.78	2
2.0984	2.629	1
0.32	1.472	1
2.423	2.598	1
2.00295	1.875	1
1.472	0.77	2
2.17	1.281	2
2.202	0.63	2
2.535	3.99	2
1.509	3.22	2
0.67	1.724	1
2.595	2.546	1
1.781	2.524	1
2.0182	3.68	2
1.093	2.416	1
3.86	1.64	2
1.267	0.66	2
0.61	1.678	1
2.0578	0.68	2
0.3	2.869	2
1.834	2.165	1
1.2	0.62	2
0.98	1.854	1
1.855	0.61	2
1.561	2.331	1
2.136	3.46	1
1.331	2.51	1
0.51	1.9734	1
2.386	1.003	2
2.812	1.85	1
1.697	1.117	2
1.379	3.16	2
-0.04	1.022	1
1.228	2.933	2
0.94	1.14	1
2.0914	2.493	1
0.83	2.222	1
2.553	1.841	1
2.759	2.0328	1
0.96	0.76	2
2.974	1.049	1
2.33	0.52	2
2.105	3.77	2
0.98	1.695	1
1.365	3.94	1
2.44	3.16	2
1.03	0.4	2
4.22	3.31	1
0.82	1.878	1
3.46	2.0665	2
2.219	3.59	1
3.09	2.812	2
3.15	3.68	1
2.955	1.77	1
1.897	2.0369	1
2.619	3.65	2
0.57	1.643	1
1.235	0.87	2
1.336	3.18	2
0.91	2.289	1
1.234	3.06	2
1.564	2.821	1
2.6	1.62	1
1.876	2.181	1
3.03	1.9165	2
0.29	0.73	1
0.54	1.821	1
3.34	3.37	1
3.47	2.574	2
2.716	2.487	2
2.0337	0.87	2
1.568	0.66	2
2.344	3.49	2
3.29	1.849	2
3.85	1.442	2
2.0319	3.39	2
3.95	3.09	1
1.161	2.111	1
1.044	1.23	2
3.08	2.839	2
2.0624	0.95	2
0.94	0.76	2
1.634	0.48	2
0.37	1.637	1
3.05	3.07	2
1.53	0.88	2
0.55	2.377	2
0.44	0.95	1
2.912	4.1	2
3.61	2.582	2
2.208	0.79	2
2.929	1.098	1
0.34	0.48	1
0.15	1.653	1
0.98	1.9692	1
2.569	1.462	1
3.43	1.634	2
3.47	1.9422	2
2.154	2.629	1
0.41	2.176	2
2.801	3.14	2
0.5	1.171	1
2.271	2.0595	1
2.188	2.914	2
1.614	3.5	2
3.02	2.0541	2
2.82	1.486	1
2.804	2.6	2
0.62	0.89	1
0.99	1.845	1
2.683	3.6	1
0.38	1.104	1
1.99485	3.75	2
0.58	0.72	1
0.2	0.74	1
0.24	1.368	1
1.9042	0.34	2
1.527	0.45	2
1.684	0.64	2
1.101	0.75	2
1.764	0.46	2
2.546	0.88	2
3.16	0.7	1
2.00921	1.99161	1
3.63	1.57	2
1.174	2.682	2
2.371	0.77	2
1.179	1.145	1
2.309	0.97	2
1.088	1.516	1
2.365	2.632	2
3.15	0.31	1
1.286	0.64	2
1.533	3.3	2
2.177	0.93	2
2.589	2.557	1
0.15	1.65	1
2.676	2.892	2
0.51	1.502	1
0.72	2.72	2
2.166	0.75	2
2.448	2.71	2
0.1	0.54	1
1.078	2.533	2
2.307	2.12	1
2.328	2.553	2
1.153	1.129	2
3.08	2.437	2
2.173	1.572	1
1.182	1.31	1
1.417	1.257	2
1.232	1.9834	1
-0.04	2.131	2
0.84	0.99	2
2.995	2.131	1
3.32	1.384	1
2.993	2.397	1
1.394	5.19	2
2.811	2.00911	1
1.538	1.293	2
2.304	1.99607	1
0.06	2.598	2
1.628	3.54	2
2.341	0.57	2
1.22	1.57	1
2.247	1.767	1
1.439	2.473	1
1.476	0.91	2
0.01	1.088	1
0	1.9376	2
2.554	3.19	2
2.899	3.4	1
2.794	3.01	2
2.417	2.348	1
1.403	0.4	2
3.71	1.711	2
1.539	2.343	1
0.98	1.531	1
1.566	3.98	2
1.701	0.6	2
0.33	1.125	1
1.808	3.04	2
2.108	1.231	2
1.42	3.34	2
0.83	1.05	1
1.876	1.05	2
2.283	0.44	2
2.418	1.289	1
3.2	2.286	2
2.295	1.727	1
0.63	1.096	1
2.0175	3.47	2
3.64	2.513	2
2.557	3.38	2
1.122	2.659	2
2.254	4.42	2
2.961	2.454	2
1.006	2.192	1
0.93	1.378	1
3.95	3.53	1
2.281	1.6	1
3.29	2.283	2
2.586	1.727	1
1.9728	3.86	1
0.35	1.9308	1
3.22	1.655	2
0.47	2.132	1
0.49	1.752	1
0.8	0.96	2
2.299	3.52	2
1.313	3.01	2
2.479	1.179	2
3.08	1.867	2
1.112	0.41	2
0.48	2.497	2
2.198	0.59	2
1.789	1.508	1
2.0647	0.78	2
0.72	0.93	1
1.9221	1.033	2
2.369	3.69	2
1.174	1.034	2
1.606	3.6	2
3.2	1.32	1
2.942	3.89	1
1.183	0.89	2
2.405	3.93	2
2.666	0.48	2
2.152	1.036	2
1.18	1.24	1
2.72	1.684	1
1.799	2.596	1
1.406	0.79	2
0.93	2.0456	1
3.05	2.397	2
0.88	0.8	2
3.5	1.62	2
-0.06	0.77	1
2.785	2.158	1
2.867	0.81	1
2.624	0.69	2
1.491	1.068	2
1.435	1.147	2
2.0662	3.62	2
2.0852	1.148	2
2.399	0.52	2
3.27	2.433	2
1.559	0.55	2
3	2.285	1
0.99	0.53	2
2.873	0.97	1
1.856	0.97	2
3.25	0.38	1
1.851	2.816	1
2.893	2.691	2
1.864	0.59	2
2.569	3.44	2
0.07	1.9144	1
1.375	3.65	2
0.84	1.715	1
1.097	1.012	2
2.486	3.05	2
1.9855	0.85	2
1.322	0.68	2
3.29	1.501	2
1.884	3.26	2
3.1	1.626	1
3.06	2.913	2
2.19	2.969	1
1.513	0.81	2
0.21	0.54	1
1.9612	1.016	2
2.893	1.673	1
3.38	1.756	2
3.01	0.88	1
0.42	1.648	1
3.52	0.88	1
2.136	0.51	2
2.538	0.61	2
1.497	3.35	2
1.009	2.114	1
2.675	0.47	2
1.419	0.66	2
0.62	0.92	1
1.702	1.177	2
2.0919	1.846	1
0.99	3.21	2
0.11	1.582	1
4.22	3.18	1
2.0608	0.77	2
2.677	3.03	2
2.641	3.72	1
1.461	2.648	1
2.934	2.358	2
2.0105	0.74	2
1.14	0.73	2
2.883	1	1
4.32	3.3	1
1.434	0.38	2
0.75	0.86	1
4.69	3.12	1
1.471	0.78	2
3.39	3.52	1
3.21	1.868	2
2.126	0.92	2
1.033	3.22	2
1.879	1.502	1
3.4	2.43	2
2.994	2.348	2
1.807	1.712	1
1.455	0.69	2
3.06	1.768	2
3.06	2.763	2
2.646	3.23	2
2.673	3.07	2
1.488	1.046	2
1.299	3.17	2
1.043	2.848	1
1.324	2.797	2
3.47	1.9161	2
2.514	2.715	2
1.549	0.66	2
1.516	2.615	1
3.17	2.868	2
3.2	2.318	2
1.205	2.276	1
1.999311	4	1
-0.06	1.668	2
3.42	0.9	1
3.07	2.646	2
1.715	3.39	2
2.0524	1.147	2
3.81	1.9453	2
1.621	2.638	1
0.86	3.16	2
2.878	1.144	1
0.92	3.19	2
2.13	1.531	1
2.224	3.57	1
4.13	3.16	1
1.396	0.8	2
1.891	0.68	2
2.0803	0.85	2
2.383	1.013	2
2.799	1.166	1
2.866	2.612	2
2.897	2.294	2
4.46	3.21	1
1.733	3.37	2
4.04	1.538	2
0.83	1.444	1
0.51	2.555	2
3.08	0.24	1
4.03	2.984	1
3.17	3.28	2
1.552	2.91	2
3.07	2.573	2
3.05	2.776	2
3.2	2.0691	2
1.027	2.712	2
2.0399	0.72	2
1.478	2.206	1
3.46	0.39	1
1.088	3.34	2
1.625	0.61	2
1.883	3.47	2
2.388	2.863	2
0.47	2.0251	1
3.38	3.27	2
2.237	0.74	2
3.63	-0.16	1
1.852	3.6	2
2.159	2.586	1
2.262	1.462	1
0.17	1.036	1
0.35	1.269	1
2.737	1.817	1
2.711	2.787	2
2.953	3.14	1
1.716	0.98	2
3.47	0.71	1
1.11	0.82	1
3.7	2.157	2
1.549	2.723	1
1.501	1.142	2
1.485	2.625	1
3.16	2.776	2
0.45	1.868	1
1.675	2.388	1
2.372	1.191	2
2.335	3.99	2
1.405	2.625	1
0.97	1.05	1
2.452	3.95	1
2.656	3.25	2
1.128	1.539	1
2.425	2.0454	1
0.76	2.788	2
2.524	2.283	1
2.83	2.692	2
2.347	1.758	1
3.29	2.622	2
1.894	2.552	1
1.647	1.164	2
0.72	1.99506	1
1.828	1.324	1
2.303	0.82	2
2.455	1.131	1
1.036	0.83	2
0.15	1.533	1
2.632	3.45	1
2.552	1.801	1
4.14	1.547	2
1.312	2.709	1
1.9292	2.439	1
2.177	0.63	2
1.865	2.136	1
1.712	2.385	1
1.026	1.182	1
1.489	1.266	2
2.449	2.648	2
0.49	1.807	1
2.565	3.56	1
3.19	2.19	2
0.87	1.378	1
2.651	0.92	2
1.458	3.12	2
3.57	2.171	2
3.09	1.462	1
1.601	3.3	2
3.36	0.94	1
2.614	1.295	1
2.823	1.752	1
2.894	1.008	1
1.269	1.094	2
2.017	0.74	2
1.513	0.87	2
0.97	2.277	1
2.816	2.762	2
3.03	3.61	2
2.889	1.434	1
3.2	1.056	1
1.625	3.36	2
3.46	3.69	1
2.587	2.322	1
2.985	3.16	2
3.11	1.524	1
3.18	1.211	2
2.386	3.92	2
0.71	0.97	1
2.921	2.3	2
1.165	0.96	2
0.96	0.58	2
1.644	0.84	2
2.74	2.203	1
1.121	1.025	2
1.397	3.3	2
0.95	1.6	1
1.499	0.57	2
2.501	2.0251	1
1.45	0.93	2
2.133	4.04	1
3.5	2.541	2
1.259	2.979	2
2.764	2.381	1
3.02	1.451	1
3.23	4.19	2
2.4	0.61	2
1.833	1.367	1
2.995	0.37	1
2.422	4.33	2
2.45	3.6	2
2.115	3.41	1
2.00914	2.431	1
1.008	3.4	2
1.05	2.144	1
2.297	0.89	1
2.953	2.719	2
1.317	2.419	1
2.44	1.222	2
1.215	0.89	2
2.182	1.9177	1
3.32	0.77	1
1.238	0.89	2
2.977	0.99	1
2.395	0.96	2
0.84	3.03	2
2.786	2.945	2
1.9733	0.91	2
0.61	3.09	2
3.88	1.859	2
0.19	2.0758	1
1.9069	3.52	2
1.9323	1.606	1
1.456	1.227	2
2.175	1.655	1
0.93	1.544	1
2.534	1.237	1
1.263	1.383	2
1.709	1.142	2
1.247	0.75	2
2.875	3.82	1
2.518	3.41	2
2.0526	0.69	2
1.9802	0.78	2
2.28	2.429	1
3.19	0.67	1
1.074	2.694	2
3.3	0.72	1
3.46	0.68	1
2.475	1.619	1
2.685	2.546	2
0.67	1.9543	1
1.057	0.74	2
2.226	0.98	2
2.971	2.64	2
2.49	1.9523	1
1.657	0.61	2
2.301	1.072	2
2.343	0.86	2
1.375	0.86	2
4.2	2.935	1
1.571	3.13	2
1.239	0.56	2
1.591	2.349	1
3.07	0.62	1
2.209	1.545	1
2.521	2.375	1
2.575	3.42	1
0.77	0.85	1
3.11	2.989	2
1.405	3.09	2
3.2	2.361	2
1.371	2.809	1
3.15	0.99	1
2.238	1.449	1
0.98	2.409	1
1.9257	0.62	2
2.393	3.64	2
1.874	0.33	2
3.14	0.43	1
0.18	1.335	1
2.636	2.756	2
0.86	2.915	2
0.8	2.4	1
3.57	1.9214	2
2.196	0.29	2
0.58	2.275	2
3.89	1.757	2
0.36	2.767	2
3.1	1.636	1
1.887	2.626	1
1.52	2.0507	1
1.585	0.7	2
3.28	1.659	1
2.399	1.406	1
3.01	1.795	1
1.6	0.63	2
1.761	1.381	2
0.47	0.28	1
2.0745	1.393	1
3.53	2.0838	2
4.75	3.47	1
2.26	0.83	2
3.08	3.03	2
1.761	0.83	2
3.09	3.21	2
0.81	1	1
3.29	1.88	2
2.844	1.598	1
2.224	3.75	1
0.58	3.13	2
3.31	0.92	1
1.725	3.52	1
2.948	3.41	2
1.001	2.906	2
0.37	2.279	1
3.13	3.51	1
3.24	2.809	2
2.0941	3.44	2
1.364	3.72	2
0.74	1.543	1
2.249	0.54	2
0.98	2.675	2
0.23	3.01	2
1.708	3.32	2
2.391	0.58	2
2.377	3.72	1
1.174	0.33	2
1.472	2.296	1
1.99165	3.76	2
3.64	1.848	2
2.317	0.87	2
3	1.9653	2
0	-0.1	1
2.0394	0.65	2
1.367	0.82	2
2.0927	0.98	2
1.611	0.68	2
2.83	3.67	1
3.12	3.01	2
2.176	3.23	2
2.991	2.594	2
1.9455	0.55	2
2.927	0.88	1
0.22	2.819	2
1.9793	0.86	2
2.915	2.611	2
-0.98	1.84	2
0.19	0.79	1
1.9018	2.395	1
2.98	2.766	2
2.47	1.235	1
3.41	2.9	2
0.45	3.05	2
0.47	2.39	2
2.621	3.48	1
2.47	3.21	2
2.805	3.21	2
0.6	1.614	1
-0.14	0.41	1
2.974	2.898	2
0.84	1.359	2
2.947	1.112	1
3.52	1.15	1
2.39	0.8	2
0.18	1.101	1
0.58	1.383	1
1.073	1.594	1
2.64	3.35	2
1.8	0.98	2
1.9389	0.6	2
0.94	2.181	1
3.22	2.541	2
1.44	3.06	2
3.79	1.166	2
2.362	3.59	2
4.55	3.4	1
1.752	2.514	1
1.092	3.26	2
3.91	3.37	1
0.65	1.312	1
1.9094	4.01	2
2.409	2.212	1
1.31	0.67	2
0.49	2.213	1
2.923	3.54	1
1.313	1.542	1
1.072	3.55	2
3.01	1.065	1
1.56	3.22	2
2.921	3.12	1
0.35	-0.05	1
0.43	1.228	1
4.32	3.32	1
1.36	1.762	1
3.21	1.729	2
2.484	3.04	2
3.26	1.75	2
1.341	0.73	2
2.0558	3.88	2
0.3	1.913	2
2.739	2.673	2
2.67	2.784	2
2.592	2.235	1
0.36	0.09	1
0.26	1.479	1
-0.1	0.94	1
2.487	3.33	2
1.228	0.62	2
1.144	1.336	1
2.0844	3.72	1
1.208	1.868	1
1.046	2.848	2
0.61	0.65	1
3.4	2.855	2
3.3	3.04	2
2.299	1.181	2
0.9	0.87	2
3.03	0.88	1
0.7	1.189	1
1.822	0.85	2
4.05	1.895	2
0.62	2.0973	1
0.99	0.77	2
2.534	4.15	2
2.388	1.9149	1
2.484	3.04	2
2.646	2.778	2
0.7	2.867	2
0.62	1.851	1
0.98	2.849	2
2.0971	3.58	1
2.606	3.77	1
2.129	3.52	2
2.689	1.494	1
1.189	0.85	2
2.318	3.82	1
3.89	3.34	1
2.326	3.45	2
1.345	0.56	2
3.85	3.61	1
3.15	3.49	1
2.261	2.214	1
1.892	1.207	1
0.92	0.61	2
2.342	1.299	2
1.9385	2.299	1
2.905	1.006	1
2.318	2.621	1
2.851	2.598	2
1.34	3.41	2
2.908	2.127	2
3.18	3.36	1
2.999	2.811	2
0.96	1.9641	1
1.508	2.124	1
2.409	0.85	2
3.31	2.936	2
3.23	0.6	1
0.18	0.22	1
1.9277	1.572	1
1.9319	0.76	2
1.04	2.644	2
2.974	0.53	1
2.0292	0.79	2
1.148	3.32	2
1.223	3.22	2
1.621	0.4	2
2.896	2.363	1
4.59	3.16	1
1.511	0.87	2
0.88	1.703	1
3.03	2.766	2
1.379	2.425	1
1.463	1.777	1
3.85	1.623	2
1.9566	1.558	1
2.856	2.669	2
1.781	2.128	1
3.28	1.412	2
1.001	3.2	2
1.166	0.64	2
2.3	0.82	2
3.05	0.95	1
1.9797	0.58	2
1.843	3.84	2
2.208	1.573	1
1.79	3.35	2
0.49	1.804	1
3.46	1.86	2
1.22	0.48	2
1.99184	0.62	2
1.409	0.92	2
1.9798	0.74	2
2.288	3.62	2
0.49	2.384	2
0.85	1.492	1
2.245	1.319	2
2.757	1.792	1
1.758	0.53	2
3.01	3.21	1
2.651	2.744	2
3.4	2.746	2
2.0426	0.82	2
0.33	2.809	2
1.768	2.626	1
0.26	0.17	1
1.69	0.73	2
2.0968	2.589	1
1.798	3.64	2
2.15	2.442	1
1.18	0.96	2
1.196	2.687	2
2.148	3.26	2
2.832	0.71	1
2.577	2.628	2
0.81	0.86	1
3.63	1.461	2
2.289	2.598	1
1.321	2.536	1
0.22	0.93	1
2.277	1.676	1
1.872	0.86	2
2.613	1.789	1
2.468	2.986	2
2.295	0.64	2
2.563	2.661	2
2.407	3.8	2
1.256	1.585	1
2.203	2.617	1
2.0169	0.78	2
1.705	0.78	2
0.99	0.35	2
2.851	2.95	2
3.49	3.59	1
1.342	2.554	1
0.71	0.86	1
0.39	1.636	1
1.262	3.01	2
0.55	1.9303	1
0.5	1.61	1
0.9	0.76	2
1.079	2.894	1
1.9367	1.301	2
2.31	2.57	1
3.12	1.578	2
0.92	2.989	2
2.686	3.2	2
1.865	0.88	2
1.757	3.76	1
2.812	1.249	1
2.477	2.791	2
1.162	2.644	1
1.289	0.87	2
1.731	0.53	2
3.18	1.083	1
3.03	1.791	2
1.401	1.479	1
3.26	0.43	1
0.8	2.92	2
2.0538	0.99	2
2.247	0.72	2
0.63	2.15	1
3.21	2.197	2
1.569	1.654	1
3.93	2.165	2
2.883	2.106	1
1.794	1.9793	1
3.24	2.608	2
2.262	0.84	2
3.02	2.72	2
1.616	1.603	1
1.197	0.79	2
2.677	2.964	2
1.852	0.63	2
2.355	4.08	2
1.189	0.79	2
3.16	2.598	2
0.95	1.168	1
1.674	2.168	1
1.628	0.62	2
3.13	3.38	1
2.331	2.185	1
3.67	0.23	1
1.99379	3.56	2
2.166	1.67	1
2.847	1.39	1
2.68	2.739	2
1.589	0.59	2
1.083	0.92	2
2.956	2.558	1
-0.11	0.49	1
1.9209	0.62	2
2.329	3.11	2
2.0545	4	2
2.451	0.77	2
0.56	1.225	1
2.841	1.9224	1
2.829	3.56	2
0.36	1.879	1
2.0291	0.88	2
2.823	3.04	2
0.45	1.256	1
2.196	1.221	2
3.16	2.654	2
2.35	3.22	2
2.487	3.45	2
2.811	0.35	1
0.47	1.335	1
0.61	1.882	1
-0.13	2.678	2
0.2	0.38	1
1.818	0.46	2
2.569	2.481	1
1.537	0.99	2
2.311	3.68	2
2.923	0.98	1
2.388	3.72	2
3.52	2.356	2
0.97	3.31	2
2.637	3.55	1
1.878	0.86	2
2.258	1.15	2
1.419	3.36	2
0.22	1.418	1
3.09	2.6	2
3.17	2.426	2
1.581	3.4	2
2.932	2.501	2
1.868	2.954	2
-0.04	1.416	1
2.218	3.32	2
2.747	0.95	1
3.32	1.689	1
1.28	0.61	2
3.44	1.9553	2
4.03	3.32	1
1.346	0.98	2
0.34	2.835	2
1.485	2.976	2
1.149	2.405	1
1.769	1.25	2
2.271	0.72	2
1.665	1.19	2
2.981	2.26	1
0.75	1.424	1
1.151	1.813	1
1.517	3.16	2
2.472	2.0979	1
2.247	1.1	2
1.349	1.841	1
1.722	0.68	2
3.43	2.57	2
1.527	2.085	1
2.251	2.171	1
0.23	2.457	2
3.03	2.252	1
1.448	0.82	2
2.91	2.665	2
1.569	3.21	2
3.41	2.258	2
1.421	2.79	2
1.617	0.96	2
1.167	0.77	2
-0.13	1.653	1
1.025	2.725	2
2.139	1.238	2
1.153	1.787	1
1.894	0.86	2
3.22	1.894	2
1.445	0.98	2
1.149	2.681	2
1.599	0.83	2
1.89	1.628	1
1.575	2.996	1
3.22	1.393	1
2.707	2.948	2
2.101	3.93	1
1.684	2.177	1
0.94	2.665	2
1.104	2.207	1
1.619	3.41	2
2.915	0.73	1
3.24	2.31	2
4.44	3.37	1
1.9181	3.64	2
0.52	2.74	2
2.4	3.68	1
3.25	3.2	1
1.043	3	2
1.847	0.85	2
0.02	2.345	2
1.325	3.18	2
0.61	1.526	1
0.93	2.256	1
1.643	1.056	2
1.65	0.51	2
1.253	1.28	2
2.84	1.824	1
0.5	0.78	1
1.706	0.46	2
3.22	0.42	1
4.25	3.21	1
2.75	3.92	1
1.528	1.9802	1
2.833	1.407	1
2.423	3.74	1
0.51	2.738	2
1.145	0.67	2
2.325	1.9675	1
2.0526	3.42	2
3.72	1.207	2
0.57	1.454	1
2.427	3.99	2
0.52	0.77	1
0.81	1.362	1
0.93	2.00513	1
3.98	2.417	2
1.736	2.0571	1
1.9857	3.55	2
2.408	2.0179	1
1.048	2.000432	1
2.667	3.92	1
1.055	1.361	1
1.613	2.104	1
1.367	1.302	1
1.417	0.65	2
1.308	2.759	1
1.065	2.321	1
2.544	3.22	2
2.0745	3.78	2
2.465	2.283	1
1.013	1.186	1
3.24	2.79	2
1.573	1.515	1
2.708	2.961	2
1.498	3.84	1
3.32	1.669	1
2.454	3.48	1
2.321	2.299	1
0.08	0.5	1
0.67	2.719	2
1.197	3.25	2
1.735	3.28	2
0.41	2.913	2
0.77	1.297	1
0.54	3.2	2
3.44	2.358	2
3.07	2.441	2
1.861	0.74	2
1.368	3.35	2
1.051	3	2
4.34	3.16	1
1.9247	2.267	1
1.821	1.9508	1
3.8	3.32	1
1.858	2.231	1
3.19	1.722	2
1.076	1.898	1
3.35	2.472	2
2.151	2.322	1
1.384	2.413	1
1.221	0.96	2
2.347	2.414	1
2.745	2.366	2
1.9813	0.45	2
2.168	0.94	2
-0.6	2.217	2
1.772	0.94	2
0.94	1.119	2
2.325	2.213	1
2.926	0.83	1
2.479	3.48	2
2.0109	1.622	1
1.555	0.76	2
2.89	2.864	2
1.885	1.281	2
3.05	1.04	1
3.21	2.227	2
2.105	1.792	1
2.514	3.52	2
1.356	1.22	2
2.63	0.77	2
2.558	0.94	1
0.43	2.679	2
2.962	2.851	2
1.412	0.65	2
3.08	2.378	2
3.96	3.31	1
1.9315	2.931	2
1.9747	2.0742	1
2.552	1.756	1
2.95	1.9703	1
1.702	2.158	1
1.721	0.75	2
3.05	1.77	2
3.27	1.427	1
1.708	1.776	1
1.826	1.522	1
3.72	1.529	2
1.138	3.01	2
1.617	0.74	2
1.047	3.06	2
0.76	3.14	2
0.89	3.1	2
0.42	2.272	2
0.34	2.75	2
1.636	3.7	1
0.6	1.893	1
2.171	4.11	1
0.25	2.318	2
1.01	2.231	1
3.2	1.222	1
2.57	3.42	2
2.802	3.21	2
3.25	1.798	2
2.941	3.16	2
1.837	1.241	2
3.36	2.86	2
3.25	2.555	2
3.18	2.204	2
1.541	0.89	2
3.66	2.239	2
0.95	2.966	2
1.666	3.63	2
1.407	0.42	2
1.026	3.05	2
0.04	2.445	2
2.361	2.931	2
3.35	1.539	2
2.0727	0.54	2
1.044	0.39	2
4.34	3.64	1
0.55	1.833	1
0.17	1.254	1
1.029	1.094	1
1.187	0.77	2
2.482	1.347	1
1.86	1.306	1
2.56	0.98	2
1.307	3.28	2
2.358	1.113	1
3.8	3.36	1
1.334	0.9	2
1.761	0.58	2
3.14	1.714	1
1.685	0.7	2
1.847	3.97	1
2.589	2.714	2
4.47	3.12	1
2.605	3.28	2
0.79	3.19	2
1.296	3.46	2
1.276	1.027	2
0.33	2.672	2
1.9061	3.68	2
2.097	1.407	1
0.2	0.29	1
0.51	2.415	2
1.278	3.19	2
2.407	1.06	2
2.463	0.72	2
2.185	2.261	1
3.97	3.41	1
1.754	1.261	2
1.111	1.583	1
3.19	2.554	2
0.2	2.676	2
2.291	3.34	2
1.733	1.104	2
1.41	1.672	1
2.0885	0.78	2
0.58	2.624	2
2.66	2.835	2
4.43	3.31	1
2.217	1.039	2
1.123	2.263	1
1.101	2.0621	1
1.859	1.203	2
1.216	3.81	2
2.104	0.96	2
1.027	1.874	1
1.722	0.91	2
1.086	1.478	1
2.238	3.74	2
0.16	2.0932	2
3.64	3.53	1
1.81	0.58	2
1.492	0.3	2
2.187	0.98	2
2.16	2.189	1
0.29	1.681	1
2.793	2.836	2
2.383	1.176	1
1.9303	3.56	2
0.36	0.95	1
1.261	1.934	1
3.22	0.54	1
3.48	3.01	1
1.124	2.232	1
3.75	2.016	2
1.952	0.94	2
2.316	1.399	1
0.13	1	1
1.231	0.54	2
0.47	2.656	2
3.29	2.337	2
2.403	2.0297	1
0.69	0.89	1
3.31	0.19	1
2.617	1.415	1
2.713	2.948	2
2.994	2.0734	2
1.655	2.376	1
1.16	0.84	2
2.515	4.21	2
3.37	1.2	1
1.803	2.544	1
2.913	1.626	1
3.18	1.723	2
2.834	1.823	1
1.126	2.719	1
3.09	1.616	1
1.028	0.92	1
1.15	2.963	2
3.21	2.306	2
2.933	2.716	2
3.66	2.243	2
3.75	3.33	1
3.58	2.206	2
2.415	2.986	2
2.0128	3.29	2
0.55	1.9539	1
2.928	1.898	1
2.834	2.925	2
2.824	1.327	1
1.9725	1.418	1
3.19	0.33	1
3.34	2.32	2
1.9161	3	1
4.42	3.5	1
2.39	3.27	2
1.659	2.0621	1
2.265	0.94	2
0.22	1.428	1
2.2	1.391	1
0.49	2.348	1
2.0311	1.022	2
2.586	2.402	2
1.9736	1.048	2
0.81	3.23	2
0.81	0.68	2
1.466	3.15	2
2.418	2.616	1
2.0194	0.87	2
2.83	1.061	1
0.63	1.787	1
1.348	0.46	2
1.547	1.9263	1
1.165	2.671	2
2.09	1.168	2
1.402	0.62	2
1.9785	2.704	1
1.99876	1.062	1
1.855	2.471	1
2.633	2.901	2
1.23	2.637	2
1.244	1.057	2
0.98	2.968	2
1.363	2.942	1
1.9746	1.21	1
1.506	0.78	2
3.09	1.357	1
2.366	2.164	1
2.595	2.677	2
1.868	3.68	1
3.32	2.376	2
3.09	2.614	2
1.74	3.36	2
1.533	1.055	2
0.4	1.9586	1
3.23	-0.2	1
3.93	3.41	1
3.87	3.13	1
2.785	1.399	1
3.8	2.757	2
1.631	0.86	2
1.624	3.33	2
0.57	2.245	2
1.04	3.34	2
3.22	2.423	2
2.0951	0.61	2
2.439	0.91	2
2.886	1.708	1
3.22	2.834	2
3.12	0.28	1
0.7	3.16	2
2.675	2.667	2
2.456	2.278	1
1.185	3.18	2
3.72	1.741	2
1.503	0.71	2
0.83	2.564	1
2.0786	3.63	2
1.36	1.061	2
2.264	1.395	1
1.778	2.156	1
2.000725	1.9634	1
3.1	3.38	1
1.135	0.9	2
3.32	0.52	1
0.49	2.481	2
2.518	3.7	2
1.155	1.99742	1
2.00273	1.027	2
2.635	2.559	1
3.27	1.315	2
3.03	2.28	2
1.036	2.108	1
1.868	0.63	2
1.814	1.9075	1
2.0585	1.622	1
1.9124	2.255	1
1.44	0.88	2
3.47	-0.05	1
2.113	2.462	1
1.9811	0.72	2
2.378	2.987	2
0.68	2.516	1
0.93	1.694	1
3.49	1.114	2
1.862	0.63	2
0.3	0.84	1
2.598	2.133	1
3.74	2.577	2
3.71	2.569	2
1.027	2.107	1
0.52	1.703	1
3.19	2.812	2
1.393	1.106	2
0.98	0.71	2
0.69	1.373	1
0.98	2.521	1
2.752	3.58	2
1.9334	2.0656	1
2.615	2.375	2
1.858	3.65	2
2.335	3.95	2
3.22	2.247	2
1.755	0.82	2
2.409	0.49	2
0.7	0.92	1
2.505	3.45	2
0.81	1.024	2
2.388	2.484	1
3.06	1.547	1
1.089	1.092	2
3.11	2.428	2
2.903	1.661	1
1.185	2.334	1
3.35	1.613	1
2.185	2.617	2
0.04	1.058	1
0.92	1.048	2
0.33	1.734	1
1.144	1.765	1
1.082	3.44	2
3.24	3.45	1
3.41	1.553	2
2.177	2.731	1
2.0886	1.156	2
2.604	2.555	2
1.606	1.747	1
2.319	3.61	1
1.192	0.5	2
1.56	2.298	1
1.366	3.08	2
2.0116	0.91	2
1.349	1.897	1
2.0605	4.06	1
0.96	2.937	2
4.62	3.12	1
1.501	1.759	1
0.54	1.892	1
3.01	2.677	2
2.627	2.234	2
1.564	3.45	2
2.0165	1.361	1
3.42	1.344	2
0.77	0.7	1
3.35	1.823	2
3.77	3.59	1
0.21	1.9272	1
1.74	0.77	2
1.741	3.52	2
3.27	1.253	2
-0.07	1.479	1
2.477	3.83	2
1.805	3.31	2
3.22	3.04	2
0.56	2.0919	1
1.216	1.99353	1
0.45	2.121	1
1.764	3.44	2
3.24	1.313	1
-0.84	1.823	2
1.233	0.7	2
3.14	2.376	2
3.05	1.277	1
2.814	2.817	2
0.74	1.881	1
3.41	3.63	1
2.933	0.76	1
0.86	2.0337	1
2.85	2.726	2
2.624	2.621	2
3.59	1.9037	2
0.2	0.75	1
2.00356	3.87	2
2.178	0.76	2
3.18	2.334	2
2.91	2.864	2
2.145	1.585	1
3.26	1.447	1
1.813	1.733	1
2.769	2.855	2
0.69	0.84	1
3.08	2.148	1
0.75	2.857	2
1.9344	3.24	2
0.18	1.295	1
3.53	0.19	1
1.823	0.88	2
0.97	1.643	1
0.32	2.398	2
2.389	1.196	1
2.272	0.88	2
2.846	3.87	2
1.9314	3.72	2
1.898	0.69	2
2.168	3.97	1
2.538	0.75	2
2.677	2.108	1
3.23	1.854	1
2.73	1.01	1
3.7	1.9664	2
1.032	2.348	1
4.51	2.901	1
2.643	1.597	1
1.123	0.92	2
1.025	1.727	1
2.321	2.393	1
0.76	1.9896	1
1.491	1.176	2
2.0817	2.418	1
3.95	2.902	1
3.68	1.68	2
1.33	1.45	1
1.67	2.301	1
1.264	2.683	1
2.235	0.94	2
1.41	0.77	2
3.08	2.72	2
2.527	0.87	2
2.71	3.7	1
2.0243	1.281	2
2.207	2.65	1
3.57	2.483	2
3.02	1.649	1
1.79	2.171	1
2.88	1.759	2
0.92	1.132	1
0.48	2.246	1
1.166	0.81	2
3.29	2.23	2
3.02	2.976	2
1.759	2.774	1
1.549	3.7	2
1.494	0.8	2
3.35	2.657	2
0.07	1.685	1
3.21	1.226	1
2.82	3.83	2
-0.05	0.07	1
3.3	2.739	2
2.832	3.33	2
1.041	2.41	1
2.432	2.749	2
4.12	2.978	1
3.54	1.807	2
1.9546	3.75	2
0.14	0.7	1
2.464	1.208	1
1.461	0.61	2
3.21	1.127	1
3.56	1.823	2
2.292	1.841	1
2.445	0.62	2
4.68	3.17	1
1.537	2.0231	1
1.049	3.39	2
2.572	1.188	1
1.886	1.853	1
2.477	0.76	2
1.746	0.73	2
1.551	3.04	2
1.689	0.93	2
2.566	1.023	1
3.47	2.486	2
3.37	3.45	1
1.457	2.0000762	1
0.6	2.261	1
0.47	1.534	1
2.26	1.46	1
3.96	3.28	1
1.293	0.57	2
-0.1	1.396	1
2.721	2.731	2
1.766	1.026	2
3.26	2.462	2
1.473	2.887	2
3.03	2.805	2
2.276	1.782	1
0.93	1.961	1
3.35	0.49	1
2.507	3.02	2
2.306	0.87	2
0.79	1.608	1
1.207	2.905	1
2.204	0.71	2
3.39	1.369	1
1.782	0.37	2
0.66	2.626	2
1.65	4.07	2
2.021	1.095	2
1.386	0.78	2
2.753	2.781	2
3.23	2.0999	1
2.445	2.0484	1
1.041	3.07	2
1.796	1.819	1
-0.18	0.12	1
1.526	2.264	1
2.904	3.15	2
1.124	2.92	2
3.1	1.687	1
3.26	0.97	1
2.961	0.67	1
1.776	0.98	2
1.442	0.27	2
1.82	1.361	2
2.326	2.00626	1
2.279	2.149	1
0.57	2.0281	1
2.449	1.9511	1
2.465	2.842	2
1.51	3.25	2
2.368	1.144	2
1.9758	0.72	2
2.42	4.1	2
0.91	1.537	1
1.609	1.453	1
2.703	1.417	1
0.7	2.469	2
0.56	1.495	1
3.01	2.865	2
3.55	1.351	2
2.447	0.82	2
1.9567	2.605	1
0.44	1.671	1
0.63	2.808	2
1.552	1.646	1
3.53	2.368	2
1.328	3.35	2
2.883	2.598	2
2.491	2.194	1
1.89	0.79	2
1.564	3.86	2
2.924	2.701	2
3.24	2.908	2
1.942	1.096	2
2.195	0.73	2
4	3.28	1
2.562	2.172	1
2.278	2.383	1
1.289	2.465	1
1.395	0.48	2
3.39	2.155	2
2.38	0.65	2
0.93	1.291	1
1.042	2.812	2
1.704	2.538	1
2.952	2.836	2
2.917	2.231	2
0.28	2.142	1
0.48	1.632	1
0.47	2.257	2
3.38	1.355	1
2.102	0.64	2
3.45	0.75	1
0.88	2.589	1
2.613	1.9349	1
4.44	1.552	2
3.33	0.29	1
2.289	3.01	2
0.95	2.219	1
1.595	0.91	2
2.819	2.546	2
3.58	1.532	2
3.07	3.53	2
2.434	2.295	1
1.615	1.266	1
2.85	1.171	1
1.099	0.32	2
1.9323	3.74	2
2.244	3.84	1
0.16	1.042	1
3.21	2.00827	2
0.87	0.94	2
2.0114	3.66	2
3.89	1.367	2
2.367	1.549	1
2.344	2.908	2
1.584	2.246	1
1.284	0.81	2
0.93	1.448	1
0.06	2.832	2
2.21	4.18	2
1.068	0.85	2
2.23	0.85	2
3.55	3.1	1
2.497	3.27	2
1.401	3.44	2
2.928	3.45	1
3.38	3.25	1
1.134	1.803	1
1.183	1.217	2
2.221	2.147	1
1.686	1.081	2
2.802	2.852	2
3.25	0.62	1
2.991	0.9	1
1.073	1.405	1
2.517	3.71	2
2.952	1.218	1
1.785	1.783	1
1.793	0.63	2
1.777	3.65	1
1.118	1.274	2
1.253	1.491	1
3.27	1.481	2
2.009	2.928	1
0.83	2.586	2
2.521	2.56	1
0.99	2.768	2
2.605	2.378	1
1.418	1.413	1
2.125	0.76	2
1.529	1.081	2
3.4	2.541	2
3.49	0.47	1
2.459	3.69	1
2.183	0.84	2
1.896	2.48	1
1.9459	0.69	2
2.728	2.752	2
0.87	2.654	2
1.735	3.71	2
0.04	1.558	1
2.675	2.886	2
0.24	0.67	1
0.08	0.83	1
0.58	0.6	2
1.61	0.99	2
1.366	3.21	2
1.782	0.95	2
2.332	1.473	1
2.171	1.498	1
-0.13	0.15	1
2.0273	1.317	2
1.9103	1.885	1
2.603	3.8	1
1.9768	0.76	2
0.52	2.944	2
1.9873	0.88	2
1.413	3.01	2
2.163	0.87	2
2.93	2.65	2
3.5	1.9392	2
1.9089	1.9156	1
3.64	1.692	2
2.404	0.9	2
3.37	3.24	1
0.78	1.893	1
1.358	0.65	2
1.819	0.9	2
1.782	1.118	2
1.317	2.139	1
1.695	3.18	2
0.81	2.814	2
1.242	2.794	2
2.811	3.07	2
3.45	0.97	1
1.831	1.399	1
2.462	3.89	2
0.11	0.84	1
1.9801	0.68	2
1.604	0.55	2
0.92	2.89	2
2.624	1.715	1
1.823	3.51	2
1.563	1.211	2
3.22	3.48	1
1.039	2.755	2
0.36	2.572	2
3.34	2.274	2
3.16	1.746	2
1.62	0.66	2
2.918	3.72	1
0.86	1.073	1
1.484	3.46	2
2.188	3.59	1
0.49	1.73	1
3.21	2.151	2
3.05	0.89	1
2.385	0.93	1
1.861	1.637	1
2.953	0.7	1
2.725	3.33	2
2.0966	0.94	2
1.653	0.85	2
1.9395	3.65	2
0.12	0.74	1
2.484	1.573	1
1.382	1.494	1
1.879	0.95	2
1.831	1.865	1
0.72	1.458	1
3.62	1.869	2
1.554	0.47	2
3.16	1.643	1
2.298	1.122	2
0.54	3.11	2
1.236	2.218	1
2.901	1.048	1
2.955	2.142	1
0.88	0.83	2
1.9155	3.15	2
1.156	2.371	1
0.57	2.0911	1
1.022	0.95	1
1.101	0.62	2
2.942	3.83	1
3.35	2.677	2
1.322	3.6	2
1.855	3.65	2
3.35	1.482	2
0.46	1.402	1
3.12	3.14	2
1.285	0.51	2
1	1.115	2
1.643	3.51	2
1.141	3.26	2
2.8	3.56	2
0.47	2.795	2
2.707	1.222	1
0.38	2.213	2
1.164	0.64	2
0.16	1.716	1
1.315	2.727	1
2.875	0.53	1
1.921	2.227	1
2.731	3.74	1
0.85	1.341	1
0.4	2.788	2
1.886	2.846	1
0.86	3.08	2
2.143	2.845	2
2.678	2.961	2
1.603	2.563	1
1.128	2.663	2
1.738	3.71	1
0.8	0.6	2
3.08	2.088	2
2.523	0.62	2
3.23	1.9126	2
3.13	0.25	1
1.534	1.149	2
1.664	2.182	1
3.04	2.0909	1
2.553	1.828	1
2.134	0.94	2
1.118	1.392	1
3.24	2.441	2
1.286	0.35	2
2.547	3.15	2
0.53	2.96	2
2.437	4.35	2
1.461	2.292	1
2.543	2.913	2
0.66	0.95	1
1.674	2.0769	1
2.843	2.634	2
2.452	1.796	1
2.974	2.877	2
3.97	2.041	2
2.554	1.546	1
0.71	1.736	1
0.82	1.102	1
3.08	3.37	1
0.96	0.93	2
1.675	2.969	1
2.72	2.677	2
2.803	2.349	2
0.42	1.202	1
3.3	1.654	2
2.332	1.31	1
1.9872	0.73	2
0.17	2.379	2
0.79	3	2
1.24	0.74	2
1.335	3.61	2
3.12	1.553	1
1.77	4	1
1.824	1.793	1
0.25	0.08	1
1.401	3.25	2
2.101	2.881	1
1.702	0.84	2
3.01	2.257	2
1.521	2.91	2
1.572	1.491	1
0.26	2.367	2
2.637	3.25	2
2.00879	3.47	2
1.698	1.884	1
2.157	2.956	2
1.383	3.61	2
2.934	2.32	2
1.774	0.55	2
1.333	1.105	2
1.9663	0.64	2
1.9589	2.32	1
0.22	1.393	1
1.505	3.31	2
1.177	2.729	2
2.916	1.9745	1
3.7	2.0023	2
1.437	3.29	2
1.005	1.493	1
0.61	1.057	1
0.25	0.37	1
2.742	2.744	2
1.565	0.47	2
4.27	2.284	2
2.175	1.113	2
3.17	3.37	2
0.25	0.73	1
0.67	2.878	2
1.762	3.74	1
2.99	3.02	2
0.1	2.856	2
0.36	0.84	1
1.585	2.463	1
2.435	2.397	1
1.694	4.28	2
2.569	3.15	2
3.04	0.83	1
0.72	0.88	1
0.93	3.3	2
1.789	1.363	2
1.896	0.85	2
1.9831	1.061	2
0.6	2.247	1
1.103	1.028	2
0.32	1.528	1
2.655	3.72	1
1.42	1.421	1
2.688	1.122	1
3.55	1.99454	2
-0.25	2.167	2
2.252	2.258	1
3.54	1.251	2
0.5	2.0847	1
1.149	0.74	2
1.597	1.364	1
1.862	0.97	2
3.94	3.25	1
1.349	3.12	2
1.438	0.88	2
3.66	1.598	2
0.69	2.239	1
1.9887	1.22	2
2.0821	1.602	1
1.361	2.68	1
0.51	1.779	1
1.994	1.68	1
2.782	1.861	1
0.67	2.897	2
0.81	1.226	1
2.127	3.94	2
0.71	1.77	1
2.76	0.84	1
1.008	1.9844	1
1.604	3.21	2
1.335	0.96	2
3.24	0.67	1
1.78	0.88	2
0.46	2.562	2
1.841	1.88	1
3.03	1.195	1
1.375	3.38	2
0.21	1.876	1
1.9344	0.43	2
3.12	1.092	1
0.72	1.741	1
1.691	3.16	2
1.375	1.325	2
1.248	1.883	1
0.9	2.322	1
3.09	3.49	1
1.133	2.214	1
2.596	1.828	1
1.296	2.71	2
2.672	3.57	2
3.38	2.698	2
0.66	2.54	2
2.429	3.94	1
2.381	3.61	1
2.129	1.111	2
0.99	1.9092	1
1.349	1.472	1
2.0439	4.03	1
-0.37	1.99	2
1.447	1.313	1
0.53	1.183	1
3.36	1.588	2
3.92	2.0429	2
1.327	1.823	1
3.32	2.218	2
2.221	2.946	1
3.05	2.899	2
2.942	2.248	2
0.3	0.21	1
2.359	3.52	2
1.023	2.639	1
0.98	0.81	2
1.504	3.41	2
3.45	2.273	2
3.16	0.9	1
1.122	0.54	2
2.983	2.203	2
2.167	1.207	1
0.33	3.1	2
0.72	1.529	1
3.1	2.74	2
2.435	3.31	1
0.59	1.643	1
1.99855	1.3	1
3.5	1.007	2
1.752	0.31	2
1.181	0.79	2
3.78	2.272	2
0.96	3.13	2
1.464	1.186	2
1.337	0.53	2
2.355	1.778	1
2.486	2.991	2
0.67	1.88	1
2.975	0.66	1
2.431	3.64	1
1.484	1.08	1
2.0479	0.94	2
0.96	0.92	2
1.233	0.8	2
2.613	3.35	2
1.166	1.742	1
2.473	0.89	1
1.266	3.25	2
4.2	3.14	1
1.557	3.02	2
1.432	1.127	2
1.548	1.283	1
2.14	3.25	2
3.22	2.325	2
4.18	3.13	1
3.52	2.315	2
1.724	0.81	2
1.71	2.7	1
0.78	2.177	1
2.799	1.01	1
1.9837	0.93	2
3.51	1.645	2
2.431	0.54	2
1.736	0.86	2
3.14	2.607	2
1.492	1.306	1
3.53	2.228	2
4.07	3.37	1
3.78	3.01	1
1.9825	0.79	2
1.705	0.73	2
1.257	2.685	1
2.405	0.8	2
2.351	1.036	2
2.192	3.94	1
1.133	3.09	2
3.21	2.752	2
2.545	3.28	2
2.985	2.114	2
1.456	1.169	2
3.12	2.293	2
0.56	1.53	1
1.923	3.87	1
1.044	3.11	2
3.35	1.038	1
2.234	1.587	1
1.139	0.79	2
2.599	3.14	2
0.62	1.174	1
0.63	2.928	2
2.395	3.21	2
3.01	1.563	1
3.1	0.83	1
2.999	0.88	1
1.619	1.083	2
2.817	1.059	1
2.184	2.558	1
1.666	0.66	2
2.974	0.68	1
2.655	3.14	2
1.791	1.644	1
1.489	3.53	2
1.109	1.383	1
2.0545	0.68	2
2.545	1.835	1
3.29	2.488	2
2.364	1.731	1
0.89	2.308	1
1.579	0.91	2
2.849	2.907	2
0.83	3.08	2
2.629	1.383	1
2.424	2.0533	1
2.179	3.87	2
3.36	1.883	2
3.02	2.729	2
2.252	1.611	1
1.451	3.03	2
3.27	2.775	2
1.9808	0.97	2
0.69	2.0708	1
1.281	2.242	1
1.367	2.257	1
1.509	0.45	2
0.16	1.634	1
1.543	1.017	2
1.435	1.9178	1
2.401	0.69	2
1.439	1.213	1
0.26	2.697	2
2.745	2.877	2
2.617	3.34	1
0.23	0.81	1
3.88	2.325	2
3.09	2.155	2
2.0899	0.91	2
2.229	2.613	1
3.05	1.345	1
0.85	1.455	1
1.445	2.908	2
3.45	2.211	2
2.132	0.51	2
3	2.654	2
1.513	1.203	2
2.643	1.649	1
1.9256	1.537	1
1.9524	0.76	2
2.478	2.46	1
1.602	0.72	2
2.335	3.15	2
1.603	0.9	2
2.625	3.38	1
1.352	1.287	1
1.6	0.85	2
2.762	1.666	1
2.137	3.94	1
1.274	0.83	2
0.87	3.01	2
3.34	1.368	1
1.9739	0.62	2
0.79	0.78	2
3.55	2.482	2
1.206	3.24	2
2.517	3.46	2
1.135	3.6	2
0.43	1.439	1
2.329	2.606	2
2.497	4.23	2
1.471	2.365	1
0.18	2.474	2
2.948	2.985	2
1.512	0.69	2
3.46	0.94	1
0.33	2.88	2
4.4	3.2	1
3.57	1.091	1
1.856	3.68	2
2.123	1.717	1
0.77	1.023	2
0.31	2.614	2
3.71	1.055	2
1.865	0.9	2
0.65	1.43	1
1.9883	0.66	2
3.31	2.151	2
2.983	2.611	2
0.48	1.99665	1
2.976	3.24	2
2.0271	3.83	1
0.6	2.98	2
1.55	1.072	2
-0.09	2.604	2
2.455	2.877	2
2.193	3.72	2
1.696	3.5	2
0.02	1.345	1
1.9763	1	2
1.816	0.6	2
2.458	1.843	1
0.55	0.78	1
1.848	0.89	2
1.9792	3.76	1
3.31	2.208	2
0.94	0.46	2
0.76	2.1	1
2.715	3.3	2
0.23	1.545	1
2.75	3.63	1
3.12	2.422	2
3.88	0.87	2
2.894	1.258	1
2.756	1.9291	1
1.266	2.881	2
2.301	0.71	2
2.426	2.194	1
0.07	2.96	2
2.258	2.482	1
2.272	0.4	2
2.194	0.73	2
-0.28	0.98	1
0.45	1.39	1
0.64	1.676	1
2.869	2.576	2
3.59	1.889	2
1.576	2.0207	1
2.621	3.32	1
1.9633	1.856	1
2.735	2.932	2
3.74	2.195	2
1.518	2.0903	1
1.799	3.35	2
1.9118	3.17	2
2.831	3.35	2
2.762	2.344	2
2.777	2.312	2
2.813	3.06	2
1.493	3.89	2
2.163	0.92	2
1.1	2.858	2
3.88	1.711	2
2.273	3.79	2
3.47	1.469	2
1.186	2.23	1
1.578	1.759	1
2.996	3.46	1
2.0432	0.61	2
2.591	1.573	1
1.302	1.274	1
1.464	3.19	2
1.47	2.101	1
2.494	3.18	2
1.695	2.194	1
2.0878	0.92	2
1.248	2.342	1
2.135	2.0532	1
1.9539	3.65	2
3.29	2.0437	2
1.466	0.77	2
1.731	3.37	2
1.197	0.91	2
2.915	3.15	2
2.676	2.925	2
3.28	2.373	2
1.301	1.641	1
1.778	2.259	1
0.4	0.56	1
1.335	2.357	1
1.385	1.03	2
2.938	1.745	1
1.074	2.916	2
1.146	1.621	1
1.389	0.72	2
0.99	2.357	1
0.81	3.14	2
1.272	1.24	1
1.232	1.091	2
1.827	3.59	2
2.229	3.63	2
2.513	2.741	2
1.9227	0.78	2
1.886	0.5	2
0.7	2.651	1
2.5	2.762	1
0.85	1.438	1
2.884	1.234	1
1.17	0.92	2
0.4	0.68	1
2.781	2.911	2
0.68	2.0399	1
2.673	4.52	2
1.145	3.22	2
2.0893	0.9	2
0.48	1.007	1
1.645	3.28	2
2.273	0.55	2
0.73	1.312	1
2.157	1.348	1
0.82	3.17	2
1.264	0.86	2
2.603	2.145	1
2.722	2.368	2
1.62	0.73	2
3.66	1.616	2
1.882	0.74	2
2.689	1.813	1
1.114	0.73	2
0.53	2.52	2
3.07	2.668	2
0.06	1.239	1
2.41	3.01	2
1.22	0.63	2
2.344	3.38	1
2.22	0.64	2
1.379	3.11	2
2.707	3.37	2
2.196	3.76	2
2.44	1.064	2
3.37	2.219	2
2.284	3.86	2
3.45	2.169	2
2.941	3.46	2
1.725	0.4	2
0.5	2.282	1
2.121	2.219	1
0.13	2.373	2
0.49	1.374	1
3.41	2.319	2
2.919	2.798	2
2.533	3.76	2
2.845	2.00714	1
1.797	3.26	2
1.48	3.35	2
1.9304	1.104	2
1.086	2.317	1
1.312	0.86	2
3.07	2.399	2
1.589	0.66	2
2.924	2.861	2
1.099	0.87	2
3.55	1.9695	2
3.15	2.565	2
1.428	3.16	2
2.155	3.88	2
3.43	1.184	1
1.142	0.8	2
1.9348	2.631	1
2.16	1.384	1
0.47	2.501	2
0.55	0.86	1
1.887	4.13	1
1.759	1.626	1
1.51	0.55	2
1.139	1.028	2
3.14	2.212	2
1.56	0.7	2
1.02	0.51	2
0.31	1.824	1
2.84	3.42	2
1.028	2.473	1
1.332	2.919	2
2.732	2.493	2
2.535	3.46	1
0.6	1.817	1
3.26	2.305	2
1.004	1.016	1
1.466	0.6	2
2.733	2.926	2
2.587	2.0331	1
2.0125	1.335	2
2.835	3.24	2
1.058	0.85	2
2.0368	1.761	1
3.5	3.5	1
1.256	0.61	2
1.528	2.267	1
2.304	3.61	2
1.9561	2.305	1
0.04	0.91	1
3.31	2.17	2
0.22	1.747	1
0.79	2.918	2
2.457	2.191	1
2.998	2.37	2
2.513	3.5	2
1.286	1.839	1
2.0722	3.8	2
3.33	1.9327	2
2.508	1.669	1
2.862	0.76	1
2.65	3.86	2
3.74	1.857	2
2.417	0.46	2
2.466	2.281	1
3.73	2.979	1
1.686	1.28	2
2.0981	2.465	1
0.92	3.01	2
4.37	3.07	1
2.143	1.214	2
2.032	0.5	2
2.739	4.14	2
2.396	3.81	1
2.538	3.38	2
2.0325	0.54	2
1.609	3.32	2
1.305	3.08	2
0.16	1.154	1
1.176	3.1	2
3.16	0.76	1
2.7	3.14	2
1.83	3.18	2
1.9068	2.472	1
2.164	0.82	2
2.443	3.54	2
0.78	2.0836	1
1.812	0.73	2
2.109	1.478	1
3.62	3.19	1
1.147	2.358	1
0.31	0.86	1
2.725	1.01	1
2.25	0.9	2
0.78	2.569	1
2.627	2.125	2
1.9301	0.8	2
2.594	3.8	2
1.099	0.44	2
3.02	2.0975	2
1.851	1.9815	1
1.774	0.91	2
3.11	2.685	2
1.699	3.69	2
2.471	1.555	1
1.173	3.23	2
1.328	1.9586	1
2.606	1.123	2
1.36	2.705	1
2.14	1.2	2
2.425	0.79	2
2.966	1.801	1
3.06	2.629	2
2.839	0.85	1
2.379	3.74	2
2.603	1	2
1.537	0.8	2
3.18	3.42	1
3.09	0.88	1
2.9	0.64	1
3.11	0.9	1
3.46	1.889	2
2.242	2.347	1
2.669	2.98	2
0.8	1.174	1
0.87	2.928	2
1.201	3.11	2
1.892	3.7	2
0.82	2.692	2
1.213	1.887	1
1.588	1.311	2
1.548	2.524	1
2.29	1.485	1
1.482	1.086	2
0.9	2.419	1
3.34	3.44	1
0.54	2.594	2
1.387	3.1	2
3.5	2.0442	2
3.34	1.9728	2
1.854	1.131	2
2.0726	0.69	2
1.802	1.339	1
1.9224	0.65	2
0.78	1.32	1
3.17	2.407	2
3.34	2.0998	2
3.25	0.75	1
2.712	3.49	1
1.484	1.085	2
0.37	2.728	2
1.486	0.79	2
3.12	2.822	2
1.924	0.88	2
1.322	1.583	1
1.103	0.96	2
3.12	2.375	2
0.06	0.39	1
1.244	1.321	2
2.825	0.72	1
3.8	2.0607	2
2.108	0.79	2
4.18	3.21	1
2.634	2.366	1
3.26	2.799	2
1.298	1.189	2
1.664	1.9477	1
1.271	3.5	2
3.3	2.749	2
2.283	2.394	1
2.247	3.65	1
2.212	3.81	2
3.08	1.372	2
1.148	1.702	1
0.23	1.408	1
1.749	2.327	1
2.417	0.72	2
1.88	0.78	2
-0.19	0.7	1
4.11	2.942	1
1.786	1.765	1
3.05	2.219	2
1.137	2.174	1
2.244	3.42	2
2.0725	2.596	1
0.66	2.869	2
1.9126	0.93	2
1.548	0.78	2
2.973	2.653	2
2.911	1.168	1
2.303	1.06	2
2.282	1.239	1
3.7	1.446	2
2.659	3.28	2
1.808	2.791	1
2.424	3.64	1
1.41	0.96	2
4.04	3.36	1
0.89	1.649	1
0.14	0.22	1
0.88	1.685	1
1.068	0.98	2
3.71	1.576	2
2.726	1.374	1
0.54	2.657	2
1.653	0.87	2
0.79	0.84	1
2.541	3.41	2
2.334	3.04	2
3.31	2.118	2
2.673	2.172	1
3.14	2.866	2
1.628	0.89	2
3.29	2.644	2
3.26	0.75	1
2.408	1.336	1
2.339	2.881	2
2.00275	1.9445	1
1.164	1.35	1
2.838	3.5	2
0.6	0.46	1
2.786	3.31	2
1.12	2.407	1
2.987	2.258	2
3.86	1.787	2
0.47	2.679	2
0.88	2.699	2
0.81	1.672	1
2.829	1.695	2
3.16	2.847	2
1.566	0.9	2
1.823	0.55	2
1.869	3.76	1
3.19	2.309	2
2.189	3.35	2
2.0963	0.62	2
1.011	2.48	2
1.468	2.181	1
2.704	1.09	1
1.699	3.82	1
2.0561	1.521	1
3.13	0.73	1
1.794	0.85	2
1.587	3.17	2
0.79	1.146	1
3.01	2.555	2
2.879	3.03	2
2.724	2.706	2
-0.03	0.77	1
2.414	2.141	1
2.466	2.322	1
3.44	2.276	2
2.97	3.15	2
3.1	3.58	1
2.719	2.759	2
3.07	2.512	2
1.247	0.92	2
1.549	3.72	2
0.76	1.294	1
2.179	0.96	2
2.214	1.55	1
2.364	1.142	2
0.96	1.869	1
2.273	3.68	2
3.19	2.289	2
1.564	1.046	2
1.597	1.512	1
1.2	3.66	2
2.00854	3.31	2
3.47	0.56	1
3.13	3.07	2
0.9	2.737	2
1.289	2.96	2
3.81	1.449	2
1.619	0.92	2
4	3.71	1
0.66	2.824	2
1.816	1.249	1
2.608	0.82	1
2.957	1.428	1
1.757	0.76	2
2.914	2.26	2
2.701	2.564	2
3.35	3.33	1
2.387	1.202	2
0.98	0.57	2
3.71	3.17	1
1.822	1.449	1
1.566	0.84	2
2.512	1.51	1
1.566	4.24	2
-0.17	1.477	1
3.18	2.766	2
1.99052	1.664	1
2.142	1.302	1
0.72	2.559	2
0.99	1.637	1
0.26	2.975	2
3.34	0.93	1
3.28	3.35	1
1.726	1.01	2
3.39	2.0609	2
0.64	2.976	2
2.99	2.771	2
0.18	1.659	1
2.423	3.74	2
3.42	1.792	1
1.739	2.204	1
0.31	2.706	2
0.76	1.503	1
1.926	3.97	1
3.4	0.87	1
2.411	3.47	2
0.49	1.715	1
3.12	0.78	1
1.348	3.14	2
2.608	2.0135	1
2.0285	3.72	1
1.685	0.91	2
2.222	3.47	1
1.624	1.025	2
1.644	1.9487	1
1.58	3.11	2
0.83	1.927	1
1.184	2.562	2
3.02	2.44	2
1.172	1.18	2
1.817	3.15	2
1.232	2.209	1
1.899	1.878	1
0.45	2.378	2
1.175	2.481	1
3.23	0.45	1
3.61	1.613	2
1.215	1.639	1
0.47	0.99	1
2.327	2.17	1
3.35	0.77	1
0.96	2.621	2
2.424	2.471	2
1.9433	0.59	2
3.63	2.0545	2
1.478	2.877	1
1.609	3.03	2
0.46	1.359	1
2.0114	0.54	2
3.16	2.151	1
1.83	1.654	1
2.809	2.942	2
2.602	3.06	2
1.121	2.499	1
3.18	2.507	2
0.94	1.063	2
4.37	3.14	1
0.58	2.592	1
3.88	2.116	2
0.94	2.817	2
2.809	2.741	2
3.22	2.217	2
2.612	3.8	1
3.25	1.854	1
3.28	1.764	2
1.702	0.74	2
2.93	1.625	1
1.374	0.82	2
1.898	3.57	1
1.082	1.422	1
3.01	3.53	1
2.805	2.42	2
1.042	2.536	2
1.949	1.028	2
1.9557	1.665	1
2.822	2.501	2
1.663	3.66	2
1.043	2.039	1
1.9594	4.09	2
1.734	0.8	2
1.784	1.647	1
0.67	1.139	1
0.13	0.68	1
0.9	2.817	2
2.568	2.244	2
1.328	1.399	2
2.847	3.4	2
1.875	0.52	2
2.504	2.0752	2
2.257	2.154	1
1.731	3.6	2
2.29	1.519	1
-0.06	2.392	2
0.86	2.849	2
0.46	2.516	1
3.55	1.534	2
2.209	2.755	1
0.34	1.44	1
2.299	3.56	2
1.582	0.74	2
1.9446	0.72	2
0.9	2.641	1
1.984	1.552	1
2.463	2.498	2
0.44	0.9	1
2.287	0.55	2
0.97	3.01	2
2.826	2.84	2
0.69	1.646	1
1.366	0.85	2
3.26	2.144	2
1.838	3.84	2
1.468	2.978	2
2.527	0.98	2
1.792	1.354	1
1.42	0.91	2
1.929	3.63	2
1.378	2.804	1
1.75	0.77	2
2.504	3.78	2
4.29	3.22	1
2.625	3.67	2
1.835	1.303	2
1.683	3.77	2
2.309	1.311	1
3.14	2.647	2
0.63	1.823	1
1.012	1.809	1
1.9727	2.739	1
2.611	2.978	2
0.11	0.3	1
1.064	3.81	2
3.25	2.794	2
0.66	2.595	2
2.469	3.91	2
0.43	2.629	2
0.39	1.549	1
0.19	1.512	1
3.08	1.004	1
2.445	2.135	1
2.764	2.469	2
2.369	2.428	1
1.633	0.96	2
1.861	2.132	1
1.013	1.137	1
0.46	2.503	2
2.434	1.811	1
0.43	0.53	1
3.62	1.9813	2
2.659	1.015	1
2.196	3.27	2
0.58	1.673	1
3.82	3.43	1
1.513	1.464	1
2.235	3.48	1
3.38	2.131	2
0.56	1.9254	1
1.837	1.602	1
3.25	1.678	2
3.33	1.9198	2
1.82	2.595	1
0.71	1.246	1
2.409	3.45	2
0.55	0.75	1
0.68	2.995	2
3.02	1.272	1
3.72	2.0291	2
0.22	1.313	1
1.034	1.372	1
0.43	2.378	2
3.12	1.341	1
2.0235	1.82	1
0.83	2.156	1
1.895	1.558	1
1.744	1.885	1
2.414	3.16	2
2.617	1.9904	1
0.63	2.648	2
2.774	2.617	2
4.29	3.32	1
2.501	2.0553	1
2.981	2.532	2
2.141	2.0947	1
2.0436	2.0126	1
0.16	0.36	1
0.78	1.881	1
0.84	2.41	2
3.25	1.99737	2
3.03	3.29	2
2.773	1.253	1
1.9703	0.42	2
2.217	0.79	2
0.94	3.03	2
0.07	1.08	1
2.598	2.855	2
0.31	0.73	1
2.822	2.192	2
1.461	3.41	2
2.00168	2.262	1
1.258	0.98	2
0.69	1.097	2
2.878	0.62	1
2.465	0.74	2
0.89	1.179	1
4.41	3.26	1
0.44	1.828	1
1.145	0.95	2
2.000519	2.282	1
0.12	1.021	1
1.105	0.93	1
2.235	2.772	1
3.87	0.84	2
2.735	3.63	1
2.0737	2.124	1
1.663	3.85	2
1.8	3.74	1
3.2	1.787	2
2.382	2.175	1
3.03	1.809	2
1.261	3.32	2
2.952	2.616	2
0.43	1.795	1
2.774	0.78	1
3.21	0.76	1
3.1	2.131	2
2.397	2.513	1
3.07	0.62	1
0.63	1.795	1
1.67	2.0829	1
1.282	0.75	2
1.324	3.3	2
2.434	4.19	2
1.118	1.418	1
3.16	1.232	1
2.572	0.76	2
1.243	2.298	1
2.67	3.15	2
2.0301	1.106	2
3.22	3.35	2
1.315	2.989	2
1.623	1.383	1
2.13	3.41	2
0.91	3.39	2
3.15	0.86	1
2.648	3.41	2
2.981	2.0921	2
2.318	3.4	2
1.499	2.0787	1
0.88	2.494	2
0.19	1.006	1
1.252	1.966	1
2.544	3.41	2
1.056	3.02	2
1.467	3.22	2
1.554	0.72	2
2.498	0.98	2
1.046	0.81	2
3.65	2.0404	2
-0.03	2.359	2
1.765	0.78	2
2.627	1.9371	1
0.07	2.525	2
4.35	3.14	1
2.233	1.725	1
1.219	1.887	1
1.673	2.612	1
0.59	3.09	2
2.0489	0.64	2
2.253	0.7	2
0.75	1.344	1
0.41	2.322	2
3.99	3.18	1
4.2	3.26	1
1.828	0.69	2
2.276	2.397	1
2.949	2.422	2
3.06	2.842	2
3.98	3.27	1
1.721	1.9072	1
2.275	3.18	2
1.682	2.317	1
0.68	1.912	1
1.305	1.264	2
2.916	3.63	2
2.974	2.512	2
1.433	0.3	2
3.38	2.749	2
2.521	0.96	2
3.13	2.429	2
1.489	3.5	2
3.46	1.09	1
3.67	2.0877	2
1.035	1.022	2
0	0.28	1
0.57	0.98	1
2.739	2.139	1
2.369	2.49	1
0.36	0.2	1
0.69	1.502	1
2.44	2.9	2
0.41	0.64	1
1.276	2.215	1
3.33	3.43	1
1.09	1.393	1
3.19	2.997	2
1.086	2.425	1
3.11	2.375	2
0.54	1.702	1
1.672	2.232	1
2.941	1.211	1
0.18	2.885	2
2.0949	0.44	2
2.874	1.231	1
1.033	2.592	2
2.803	3.35	2
1.479	2.726	1
1.24	1.302	1
-0.25	0.04	1
1.251	2.0101	1
1.99374	1.041	2
3.01	1.016	1
2.198	0.81	2
2.544	3.63	1
1.787	2.259	1
1.271	3.37	2
2.112	2.0285	1
1.032	1.088	2
1.434	0.67	2
1.729	3.59	2
3.56	1.633	1
2.897	3.07	2
3.39	1.502	2
2.0968	1.775	1
2.374	2.966	2
1.209	0.74	2
2.615	2.558	2
1.609	2.181	1
1.847	0.8	2
2.298	2.509	1
2.557	0.96	1
1.891	0.93	2
2.412	1.876	1
0.45	0.53	1
3.9	3.27	1
2.838	1.885	1
2.243	3.61	2
2.48	0.9	2
2.854	1.463	1
1.99706	2.513	1
3.34	2.878	2
2.00865	1.082	2
3.82	1.357	2
1.788	0.82	2
2.823	0.79	2
1.165	0.94	2
1.464	3.05	2
0.47	0.79	1
2.352	2.333	1
0.91	2.531	2
2.709	2.872	2
3.54	3.75	1
0.13	1.445	1
1.718	3.78	1
2.428	1.506	1
2.923	2.933	2
0.79	1.591	1
0.69	2.175	1
1.247	1.679	1
2.614	0.54	2
1.402	0.65	2
0.85	1.9502	1
3.6	0.64	1
1.098	1.64	1
1.34	1.9292	1
4.57	2.989	1
0.87	1.9366	1
0.99	1.603	1
3.43	0.79	1
3	2.254	2
1.897	1.586	1
1.031	3.02	2
3.09	3.03	2
3.08	2.0163	2
3.44	0.3	1
-0.02	1.208	1
3.17	2.511	2
2.0403	0.49	2
2.931	2.783	2
2.824	2.587	1
1.9043	0.94	2
3.05	2.472	2
1.732	0.48	2
3.35	2.229	2
0.6	2.475	2
0.66	1.581	1
1.477	0.69	2
3.18	3.49	2
2.566	2.0815	1
2.34	0.66	2
2.578	1.378	1
2.753	3.89	1
1.816	1.9686	1
2.56	3.7	1
3.07	2.457	2
1.387	2.775	1
2.819	2.0462	1
3.11	1.9372	2
0.39	0.87	1
3.06	1.9469	1
2.764	1.196	1
2.226	0.62	2
0.81	3.01	2
3.25	1.882	2
0.24	0.83	1
1.766	1.344	1
0.55	0.71	1
2.234	1.178	1
0.16	1.135	1
0.37	0.68	1
1.285	1.031	2
2.0973	0.67	2
1.449	2.288	1
3.39	1.987	2
2.215	0.34	2
2.0224	3.43	1
1.662	0.67	2
1.307	1.887	1
2.0533	0.98	2
1.847	0.78	2
0.82	2.0302	1
3.15	2.329	2
3.31	0.6	1
1.715	3.98	2
3.06	1.9447	1
1.096	1.797	1
2.661	1.801	1
2.896	0.73	1
0.46	1.382	1
3.29	1.343	1
0.33	0.5	1
0.64	1.152	1
3.98	1.9748	2
2.485	2.635	2
1.326	2.842	2
2.722	1.025	1
3.02	1.375	1
3.26	1.819	1
1.342	0.69	2
1.595	0.75	2
3.27	2.493	2
2.933	1.723	1
1.185	1.318	1
0.49	1.231	1
2.117	0.93	2
2.384	4.15	2
0.68	3.1	2
3.2	0.35	1
2.0529	3.52	2
3.46	2.0373	2
1.393	0.4	2
0.94	1.451	1
0.61	2.862	2
2.527	2.51	1
3.15	1.549	1
1.829	2.0105	1
0.37	2.524	2
4.2	1.335	2
2.826	3.42	2
1.862	1.9476	1
1.246	3.19	2
2.0574	1.866	1
2.877	2.161	2
3.17	2.446	2
2.647	2.317	2
0.27	1.758	1
2.631	1.326	1
1.027	1.953	1
1.6	2.00463	1
0.86	0.73	1
2.42	3.1	2
2.43	1.346	1
3.49	2.365	2
1.357	3.68	2
2.698	1.345	1
1.778	4.47	2
0.78	1.9039	1
1.724	3.05	2
1.747	1.594	1
0.62	2.678	2
0.87	1.557	1
3.3	2.175	2
3.64	3.46	1
3.48	3.78	1
0.39	1.637	1
0.48	0.77	1
1.9343	0.81	2
1.347	2.433	1
4.48	3.21	1
1.041	3.08	2
2.842	1.628	1
1.598	0.89	2
1.709	2.561	1
0.98	1.776	1
2.45	1.896	1
0.12	1.546	1
1.418	1.248	1
1.406	3.24	2
0.51	1.99675	1
2.552	3.04	2
3.06	2.443	2
2.406	1.293	1
3.15	2.0436	1
2.612	3.37	2
3.1	2.508	2
3.1	2.604	2
1.247	3.18	2
0.87	2.411	1
1.128	2.26	1
1.585	2.256	1
2.801	1.361	1
2.762	2.125	1
2.0343	0.82	2
2.524	1.769	1
1.9738	0.82	2
0.53	1.9642	1
3.29	2.152	2
1.149	2.189	1
1.039	3	2
1.224	2.127	1
1.326	1.38	1
2.244	1.31	1
1.026	2.511	1
2.37	3.03	2
0.02	1.12	1
2.308	2.117	1
0.38	2.468	2
1.157	0.92	2
3	3.17	2
1.046	2.687	1
2.768	1.034	1
3.64	3.12	1
0.3	1.446	1
2.404	2.00999	1
2.704	1.094	1
2.335	3.39	1
0.3	1.431	1
4.64	3.14	1
2.769	2.772	2
1.745	1.858	1
